109
10906
4386
7
12827
17344
48960
15674
19916
39204
20492
40112
2771
11282
11731
32077
16921
5621
2772
32128
48310
11
30650
583
9936
2775
72605
11227
6603
17266
2795
48327
19094
30595
26709
17524
40016
104
11190
72611
2304
72612
23334
1536
47644
6844
7213
18298
15166
24245
31944
2387
13354
30920
1236
1309
40753
17338
43878
72615
18104
18625
2508
19725
69881
43025
834
36360
32606
29835
42350
13176
29196
2107
60200
11000
378
10288
17791
72626
14179
358
12506
27340
47972
566
72627
13588
27384
18458
27349
632
72629
27369
225
27356
25756
67087
5162
25385
3269
12373
4962
354
34300
856
21565
27133
77849
2250
55206
3424
2117
13885
6497
459
6764
801
41382
6268
1127
2267
72633
790
72634
17289
29057
60766
10237
26006
40096
48218
17377
3339
22471
18499
15711
72640
525
2226
6499
1056
16790
16495
4243
17415
24735
11312
4649
6788
41907
596
2856
23209
18668
2596
18351
72646
71631
1688
34585
11710
72650
71747
34352
71717
72653
31456
11349
17694
938
23714
23152
6259
72658
13079
46855
2297
20277
8600
34398
2276
23192
72660
20595
72663
1806
31298
862
13900
72665
25909
3233
3485
21335
481
9058
5061
42689
41569
72667
17081
28817
13926
9134
21873
18039
17365
20267
10384
23221
27415
72673
52298
14917
14918
20664
7765
618
57687
11745
72678
751
33677
31024
996
2588
34744
6059
10507
72682
33318
6852
38471
174
42427
685
7137
27615
636
71671
37480
37309
33998
655
678
72685
635
72686
657
2801
654
38591
38176
645
6746
2350
20467
3630
642
24049
72122
1734
36516
72694
72171
25503
27334
72695
633
72316
14665
6873
23933
22846
9617
46439
1732
2261
6294
40839
12109
1258
18844
1346
6905
16605
25705
72706
72707
1381
24192
41645
1374
1339
1208
72327
24775
72617
72716
8798
22393
16676
6683
72684
19167
17702
20461
5189
72719
18079
26040
1337
16630
72724
3607
6452
1973
48823
27918
18864
2095
962
10377
2666
26154
26781
42079
36216
72730
19619
72731
47588
72732
71655
72733
7211
6864
25808
24312
27109
14285
39212
42288
72737
27975
2554
72738
62811
49443
1402
8315
63582
72741
1376
72744
1136
20487
25894
6879
59355
1254
72747
13886
72748
14615
8367
1409
72749
46065
34004
22663
72754
64725
26726
29606
595
72755
72756
10610
18694
6834
72760
72762
63951
2356
5950
16374
25992
21334
18508
72763
8904
60540
17201
64639
2398
22307
59181
48143
61874
19399
13498
72765
57902
40700
1373
59185
693
17299
37941
17648
15795
6735
13880
194
7278
25991
21275
7280
33832
7376
28824
28700
21081
35148
19336
45399
42227
2212
18059
30371
13142
14429
1307
2183
37135
18662
18871
7615
72783
121
11552
17362
70565
72785
72786
18677
28188
27965
72787
72788
72789
23394
29531
57998
72792
72791
52459
72793
6965
36049
25899
69728
11369
8201
72796
49602
69024
10040
173
72798
14781
20864
72799
72800
35357
16717
14610
544
24230
6911
16512
44278
72805
26926
52282
2879
577
72811
44251
26861
16234
15196
17620
54272
6822
72813
16516
30343
43429
2440
72814
8203
72815
23108
18098
7929
17862
14622
6874
72817
72818
7038
72816
72819
63488
62141
51110
7694
72822
21801
13118
6710
3046
72828
26698
17120
14177
20100
72833
72836
72840
29733
25191
37486
72843
39676
2487
72846
58018
425
1717
44002
38266
7750
45178
1534
13897
2339
966
72858
72859
6654
445
23811
1421
72863
72864
1459
16502
30720
72865
1005
22468
7951
3266
72866
46962
17725
8754
17339
7319
17682
6821
4010
5170
5278
1820
72872
72871
60731
47572
2839
10664
796
72878
1803
17295
634
2847
2778
72885
70553
59674
17602
8867
15336
1690
21077
1365
25975
17794
20590
15344
72890
35210
34553
35108
46830
17908
18699
72900
7171
23951
18813
68666
83
72905
22120
29318
72906
72894
72910
72914
19730
20564
4158
6612
72924
32396
1131
46672
27030
32387
47558
32390
4080
32388
19027
2194
72929
72637
32423
72933
72934
39249
13086
45846
18686
67816
773
6626
41814
40067
22260
4295
18670
23885
68488
17949
23920
21825
9437
1241
72948
46722
171
53
12696
12142
6856
25007
45829
72951
26853
2654
6129
72952
72953
819
6297
26911
6528
7161
46265
1439
72955
31949
18030
6701
19327
72956
72960
20457
18805
49556
6466
31216
72963
72964
25249
3629
40643
72965
72966
57087
49892
67194
18711
69865
17766
72967
4701
38642
18146
72968
10073
6291
33041
72970
21901
222
72973
20087
9478
3535
70064
6443
72975
67838
72976
5627
72977
2565
72978
72979
8533
72980
8570
3704
2171
72982
72983
2603
57190
72986
17902
62510
5172
6606
72988
12323
5168
18955
7391
581
38466
4465
72992
72997
72998
58384
26631
61868
45835
41919
68063
45882
919
1444
73003
1543
6656
56
5192
5186
63959
11654
63971
73005
5572
10712
26225
73011
38574
8678
2141
6686
3217
1708
55
73016
73017
20836
36754
42874
72571
18597
21058
41356
35397
25631
7704
27165
14810
533
36635
46368
15896
8643
27131
59148
38825
73031
9000
2663
24314
73033
8147
9407
73037
19588
28685
722
680
2253
6454
73041
44309
73042
27354
4254
6456
59439
35179
19537
64742
64743
73047
44456
6302
73043
73049
578
18962
31173
18210
14071
27624
17953
73057
1900
73059
73061
57063
73067
73068
67384
268
1814
5164
73072
1003
778
829
20484
7705
73051
3334
10147
71725
73079
72954
73081
73082
19409
64301
14978
660
3950
21839
16979
73084
73085
65355
49584
15717
1042
6414
2249
19432
73098
73103
73106
65132
73108
73099
73109
73110
20238
5677
37289
73119
53635
65540
9512
65815
73136
62223
62431
73142
72877
69509
49570
27199
48109
73159
7576
2110
25284
73165
35722
72624
73166
22094
9926
9442
73169
64652
46056
4122
16126
46027
7043
6440
49788
18533
17696
64115
1736
72944
20556
45604
6944
6804
16203
103
16428
26046
19562
50833
66529
6819
24854
73182
6795
39243
15608
5174
26281
22401
5746
75771
7973
25384
50
23049
25536
25568
13116
27800
22473
6252
961
19664
21038
20079
73187
6813
73192
16373
73193
32508
7163
17043
59151
6870
37237
10964
65300
73195
1378
11254
25744
14284
69382
36679
36943
15643
73197
181
22430
22724
39960
39166
17360
1240
73198
19953
73199
19649
69440
817
51936
47446
44953
35802
3657
5047
363
73204
73205
29711
2951
30383
32185
1399
64788
22955
73210
73044
36383
73214
14489
73215
73217
73219
73218
140
73224
19269
1178
8467
12517
73227
33289
1511
2792
36123
36116
12500
7703
73232
73233
37791
3549
73234
20168
73231
36148
26986
32255
36121
193
73235
73236
5374
272
273
1723
30089
30132
73239
265
41282
818
21035
73241
183
22369
21068
73246
20379
73247
20735
24269
73248
35135
73250
73252
26703
42795
7133
73256
1242
18107
73259
2393
73260
64752
10405
22181
24279
2240
73262
3313
1622
2338
73263
47700
6786
73264
23517
25886
73266
2322
73267
6751
34561
61604
3705
20550
6487
22584
10228
20949
73272
14740
11041
2352
3685
6862
8611
6598
7470
38770
73283
41246
18549
73281
10485
14262
63104
12672
8388
44496
73288
933
1728
12523
25703
21604
64577
73301
41404
27142
11897
704
20011
73306
5495
327
6596
73307
65992
45028
16079
34450
17325
6444
73318
13147
44609
5486
5501
19778
6854
45642
72129
73328
42932
45634
734
32650
63256
48205
73339
1046
13661
13934
8731
40024
73344
11937
73322
47369
73345
7582
5854
42249
14419
73351
6421
45860
40638
15677
15590
59213
13783
24699
12055
73362
29128
59447
38098
73364
12199
33437
44004
42278
73367
73366
73368
73370
73371
37588
2196
22707
45056
7077
73376
39269
73382
9533
73389
73392
73393
34849
13239
32217
34944
53730
837
1244
73400
45074
73402
73409
72926
67333
36562
45643
9740
73408
24839
73403
38597
73420
73428
1015
558
568
73433
59826
73434
28309
73435
73436
59203
44154
2228
58823
44289
56641
12416
5306
73443
49
73444
73446
520
29611
61649
20929
16768
73448
26171
73453
47579
73454
42611
823
73458
73461
73460
73465
73452
905
73467
73468
73469
8363
73471
9477
73472
73473
53981
73058
73477
36732
28944
66576
73480
42191
28664
73483
73485
50658
73486
73487
73489
73490
73491
43852
17547
14567
542
73493
67257
73494
34520
47839
32331
73498
62829
14586
47672
36118
65866
13428
73501
71424
46294
73503
73505
27555
36821
73506
24425
38162
17003
29566
13550
14288
21050
73520
67965
37154
73527
73525
23899
6878
73533
3746
73534
22954
39176
1387
73535
17497
16504
11006
19650
22956
19400
63769
21416
3344
73360
73545
836
73552
73551
73554
73557
73558
73559
73564
73565
73567
73566
73561
73562
73570
73571
73572
73573
20282
73574
17077
14669
22114
16129
15898
73578
46762
48
73540
28874
73583
73584
10621
73585
73586
73587
73590
6287
10665
798
73591
58372
36678
73594
43208
3069
51124
73595
29719
15893
694
73604
10215
22906
73605
1188
73606
58147
31971
73610
73609
73612
1718
73613
55646
73615
37730
73617
73618
58618
73619
44501
768
14352
29783
53830
23626
47467
24376
16709
27311
6883
73625
73627
44502
5081
112
59718
73633
35181
73634
11768
32472
17697
73635
34932
13626
45088
32459
43532
12662
8593
287
15246
38460
1401
16356
6792
1032
73643
28214
1393
73645
73644
73646
6630
73647
6523
46957
1710
73649
43225
39387
73650
73651
73652
73653
73655
73654
73657
47857
73659
73658
73663
2220
73661
42313
73664
19721
18446
20399
2266
73667
10814
27158
18594
73668
6866
73669
7496
73670
17905
22027
73673
7605
28835
29539
73676
73677
2884
73678
73679
22743
5574
60
73682
2221
73683
73685
27677
2880
29893
59
73690
73691
59919
70791
22881
73693
59862
6467
30575
73695
20234
15068
73689
19475
73697
46423
9897
73699
71293
73698
10381
19481
60381
2636
73701
13672
62
40524
18542
16901
73704
639
73705
73703
73706
6502
6455
44676
73707
6510
34296
15548
64896
13883
6518
19753
73710
25745
73712
73717
5736
52295
30556
45315
73721
19163
18692
73722
127
73726
19426
29628
6449
28279
12463
73730
48181
45319
73734
2892
58054
73736
18444
73735
4137
65751
2592
18342
73738
90
3464
73743
73744
73740
20852
24657
5605
73746
21241
73747
21249
20247
73748
73753
24238
6629
1366
60162
18892
73757
14882
24439
22573
2020
1497
29028
40189
7634
17315
39553
20911
39564
40086
28978
811
73765
73766
73776
73777
49765
13638
6849
31538
8635
40671
73793
27691
65175
48007
27228
73802
73800
73803
32177
73807
22895
22957
73810
52232
20401
19636
73823
901
73816
68156
73832
30960
73835
73842
73838
73851
63956
73856
72060
73762
73860
73863
16656
37874
62674
30114
73870
15350
31308
7772
73883
69049
1538
356
18267
744
73885
73890
73894
73897
73899
73892
73901
73905
728
68750
73918
15053
5349
13624
73929
57812
73940
34787
73944
73948
73950
1569
50653
73953
36403
39042
63159
63322
2292
38177
15266
57744
6348
1552
73971
18743
47896
47867
5891
45354
47148
73973
534
73976
73979
73977
1540
2162
50855
73981
73985
73986
73987
73988
73990
73991
73993
73996
73995
73997
73998
73999
2991
74001
74002
74003
36929
74004
74005
17039
74007
74006
74008
74009
33028
33583
22204
6668
26759
74010
35232
13751
10205
6886
23462
74011
74013
25968
45080
74014
45308
74016
40115
12737
74017
74019
74020
9549
45235
27898
5209
74021
74022
6439
74027
74028
7052
40370
74031
18726
22719
4481
5783
40194
74033
74036
2842
74038
30944
6538
47476
74040
74039
58837
74042
59118
74043
74044
2139
74045
18337
457
20086
74047
32960
74048
5161
18388
74049
42197
74050
64810
902
69550
917
9819
74053
74054
63068
74055
74056
74057
74059
74060
19958
25028
3564
681
74062
2189
14605
1811
49863
15709
17178
2164
74063
1471
4999
74067
74069
45154
74070
73949
74071
16511
74074
74073
74075
60762
58619
74076
32911
2190
545
3333
74078
19605
41920
2876
2224
74082
59273
1067
20123
36967
34948
2804
59245
51603
74088
8787
4565
74091
74092
609
42825
74099
65778
74103
74106
74108
74109
74110
2229
74111
13177
53820
4367
74114
74113
74115
14465
74116
74117
74118
18782
74122
74123
74121
74125
32220
13807
116
74129
41381
74130
74131
74133
18690
40064
274
74136
74138
74139
30637
74137
74140
74142
74143
74146
74148
74152
7368
74159
74161
74162
47697
18713
42693
33319
17197
74164
17464
74165
19717
74166
11782
74167
283
74169
74171
42245
17571
36063
74174
74175
13361
74179
74181
74182
74183
1177
74186
2670
62927
74190
13830
74191
74192
74194
2843
5167
95
7281
74197
74198
44405
74199
18317
30277
24125
40528
47759
74200
36649
74202
74203
74204
74205
20879
74207
74209
6089
59186
74211
74212
74213
57979
10425
74215
74216
4176
593
23092
19745
592
74214
74220
74221
1310
74225
74226
74228
74229
19051
65789
74231
74235
74236
74237
74239
74240
74242
612
74244
20339
1395
19886
74248
74250
74249
13893
74253
32751
74254
6514
74257
74258
74261
74262
16839
26788
47230
74271
74272
13141
74273
27240
74275
2257
74277
100
74278
99
14604
74284
74285
36863
74286
28993
74288
47435
74292
74287
18737
74296
17641
3753
74295
37265
74294
16842
74297
16810
74298
74299
74300
74301
941
3307
74302
1172
15038
19646
910
17226
3236
74303
74305
2166
74306
74308
2845
33328
74311
74312
31479
1075
7955
74080
55620
6891
74307
1081
2340
30693
21815
74319
68966
45122
45219
45848
74322
74324
74326
74327
74330
74329
74350
74357
74354
74358
74360
74352
74366
74372
74368
74374
74375
38148
19963
20562
50633
74383
586
68580
12325
74387
69347
69334
68621
69293
74389
69353
69366
69338
69394
3625
74398
5647
74405
6816
74409
65762
5312
27084
74415
74416
40824
69287
74419
40328
74422
13658
52562
68818
46921
35496
73560
74441
1091
74450
58821
74461
14745
2346
19141
6462
71707
74468
74458
74472
66240
74479
42742
74486
64905
774
21557
16660
74488
74489
64699
74491
74492
74493
21552
74496
50483
74498
14600
74511
29099
74512
23
55961
810
46842
74515
74516
74517
70614
74520
2246
8766
18236
34727
74522
3219
50506
74523
74484
33701
74524
6926
2119
74526
17786
40124
2182
67612
74529
12791
74533
74535
74537
21422
24343
16974
27834
19579
74540
22918
19575
18990
74542
34560
74530
74543
15676
6810
2136
74544
28749
74545
48149
14164
74546
64219
17817
40120
7116
27909
74549
6924
21179
74550
50061
7204
17646
50564
41826
74551
74552
74555
74554
74556
14548
74557
27995
20014
33201
74558
74559
15052
61238
74562
74565
38976
74568
74569
74570
66751
74572
74574
74575
74576
14726
74578
44802
6580
32585
28800
74580
9014
38163
74582
74581
74583
74584
29366
74585
74586
74588
74592
40495
26473
72204
74594
74598
13378
74604
74603
74601
25053
74610
37197
52794
40573
32021
30724
21361
11321
74613
15520
74615
20790
73052
14280
74626
74627
74630
74632
23530
74631
74633
49828
30953
32027
6482
8278
74634
36814
36841
74635
74636
74637
36810
74026
74638
74640
19679
10092
74641
74642
2192
32201
783
74643
23024
18229
74646
12454
74647
74650
74651
74648
74654
74464
74656
74657
74662
23825
31845
26105
74665
21322
20196
20334
1412
74669
74670
43782
74536
68506
74672
16887
2427
20297
37069
6602
74676
74674
74678
74679
20805
74680
74682
74677
74685
18903
18880
74686
27422
74687
20481
74689
6888
74694
18719
74696
6585
13139
41667
74699
74700
74702
74701
40718
58388
52257
74703
2434
8453
74707
74710
24046
413
1604
74714
73871
18087
74716
74717
36101
9635
74720
74722
21692
74726
74728
74729
74730
13232
74733
17514
16821
560
24569
738
2157
9644
74735
74736
73546
15287
74738
74739
74740
2204
74741
74742
74743
74744
57800
74745
9046
74746
42615
9572
74748
38069
21626
74750
74751
20096
74752
17347
17115
74753
2807
74755
74754
17157
2645
38548
74758
31952
74760
74757
15227
74762
74763
2806
74764
74766
59395
16432
74768
74769
74771
74514
74774
18081
38458
27653
12752
34930
74777
20035
17387
74781
24505
74783
36206
14606
74785
41837
6057
74789
299
74787
38505
25171
74792
11821
74793
74796
74794
74798
74799
17758
17661
74800
74802
19904
21475
72103
23538
32601
32017
67503
74808
69406
21121
41754
32034
26996
66135
24646
18684
74811
74812
30322
30452
63411
74815
74817
30410
1383
32579
74819
43779
74820
28396
63217
74821
36647
14919
74822
3940
69983
38153
15881
74824
2518
40768
31620
37668
81
74827
24335
74828
13286
27558
74832
48729
52168
74835
74836
74840
21308
74842
74844
74847
44818
19334
43580
74849
38430
466
74853
21299
74856
20785
74857
74859
74860
74861
6783
66354
19813
20104
41850
74875
74874
74877
74878
64251
74881
49660
27389
74883
74884
74172
74888
13627
74894
74897
74898
74900
10882
74902
74868
74903
74896
54162
74908
74909
35812
64907
16855
74922
3399
32700
74932
74935
5118
44653
74941
74944
16962
74945
44008
38935
22376
22083
40153
74966
74967
74480
74969
11182
1420
74977
74978
74979
923
74826
74989
74990
61008
74987
821
40032
17968
44819
74992
74994
74996
74997
10302
74998
3340
30705
75005
75006
10191
7223
75010
75011
22350
75017
7126
36172
6956
3834
45795
14735
75021
19655
4223
26098
75024
11328
75028
6530
75033
759
9072
75035
75034
41665
18002
75037
75041
74367
75043
46934
40119
49830
32991
75047
7603
68924
66445
75053
75056
75012
75058
75060
75054
64033
75061
22416
75062
75063
75064
33673
75065
75066
6489
2963
33485
44364
75068
3055
75070
75071
75072
75078
40092
74981
75080
75089
36563
22890
74974
26663
44197
857
75096
75097
75098
75100
75101
75102
75103
75105
75106
2721
75110
75112
15723
29404
75115
75116
75117
10027
75120
10234
75122
17916
75123
75125
75126
75127
75128
75129
75130
75131
6972
75132
75134
60468
75135
75139
75094
75140
2349
36032
75141
75142
32172
9399
71385
74227
21444
75145
75148
75150
75151
75154
6892
75155
890
789
18193
6739
75156
29365
59309
75162
75164
75165
75169
75172
25541
75173
43056
24552
75176
62494
75178
75177
71813
62462
29033
75180
75181
75184
75185
75186
75183
75187
1098
75188
6511
75193
1210
75202
3312
75203
21687
75204
3674
75206
75208
75209
75210
75211
75212
48185
1148
22410
75214
16501
75213
75216
35739
37612
906
74370
75225
59169
50278
74051
75226
75229
46424
15607
75230
62070
42233
36300
75232
19980
37994
47450
62447
75234
68603
32555
75235
75236
75237
19580
29143
75239
75240
1558
18918
75241
15294
10037
15708
75242
75243
12009
73168
75246
61019
75251
8429
40221
75008
75250
75253
17472
75257
52967
47821
75261
66964
75266
75268
75270
48062
75271
36023
75274
75275
73171
75277
75278
75279
18924
75280
75285
75288
2359
75291
45981
2354
34755
38615
75292
75293
75294
2881
59917
75296
75297
75298
47975
3007
75299
75300
29906
75301
75302
75303
17603
75304
17384
75306
75307
75308
59266
75310
4424
27996
75312
60786
27080
75194
75318
75319
75321
2571
75325
75327
60713
755
75328
75152
75330
75332
75333
75334
45630
20657
75337
75344
8098
36024
75349
75356
75361
75353
23998
75368
63935
75365
75369
75375
68790
65859
42162
47418
44485
46261
63152
74353
75406
75410
75412
75417
33493
75426
75427
75429
75425
75432
19270
75433
52343
75438
17441
75440
45169
75441
38314
75442
75446
42383
75448
10893
75449
54878
37583
75454
75457
75458
75462
75464
75465
75470
75471
75472
56780
75473
38678
75476
75477
75478
75479
75480
75481
75482
75485
66813
75486
34388
13729
75487
41884
75489
1509
75490
75491
75492
75493
55415
75494
36125
75495
75502
75504
75505
75506
75508
75507
75509
75510
12004
75512
75513
75515
75517
75516
11288
22553
9091
1354
75520
75521
75519
75522
75523
43795
27916
75528
75529
75532
14486
17199
45326
75534
75535
75537
75539
55999
75541
75543
17407
75544
17397
75545
75549
22692
75550
75551
24781
41273
75552
75554
75553
75555
75556
75557
21207
24857
75559
32953
75560
75561
75564
2437
75565
75566
20228
75568
12789
75569
75570
75574
75575
37446
47120
75578
75577
75580
75581
6667
20939
75586
75584
57824
75590
75591
75592
75594
17490
75597
1458
54347
75600
30436
75606
23263
34570
75611
75613
75615
16801
75617
38227
4278
39711
48118
16724
75620
75628
10811
40841
6124
75639
31293
75642
29453
42338
24255
59405
34406
75652
75383
58489
31552
75655
40406
4625
3408
31981
75668
75669
75674
12504
75675
16425
75680
75684
75685
6698
19853
75686
75689
66184
75687
44941
75694
75695
34481
63857
75701
65249
2275
75703
23429
32696
35152
31621
8343
75713
75681
75717
17412
75720
75722
587
46434
75727
75728
5195
75729
75732
492
9843
75738
75737
75741
269
75743
75744
465
75748
45398
75747
78092
75023
48372
75754
1535
21918
15162
16372
50603
75764
54137
63148
75769
19127
75775
26313
60705
31754
19592
3077
13942
75779
54895
75783
75784
6978
21638
14290
75785
75787
75789
42086
75794
28439
6451
17778
536
75798
26353
75801
49499
75199
44050
6696
20161
17835
75799
75807
75808
16728
56280
75810
26555
30843
72873
28819
75813
1475
42195
24931
30044
75814
28870
24817
75818
75819
40566
75820
75823
75826
75830
13956
75833
75834
75836
75443
75840
75842
75843
75844
75643
32554
65071
75847
75846
75848
51264
54969
75851
1739
7633
75854
75850
75859
867
12493
75860
6586
75863
7655
75866
75865
75869
75868
75839
75871
13921
21709
75872
20174
75880
75881
75882
38580
75883
24861
75884
75885
2948
75889
75870
75891
75893
3002
67520
1145
75897
10456
16815
75905
75908
10361
75911
55359
75917
22121
75922
22012
60296
14084
75923
14043
14062
6809
75926
75928
10156
75933
75934
66844
43299
75941
6073
75946
51114
75953
75956
75957
20954
75007
15355
75963
75965
75966
30470
75200
75973
75977
72182
75983
75989
40667
2113
765
63515
39696
40592
76015
5207
3382
57870
69328
39079
76036
73249
1510
76040
76031
76047
22667
72635
9582
2831
76049
76050
24483
16946
3941
76052
76054
76056
1584
76065
76066
76068
6648
76067
13151
76075
76081
60993
76082
19368
76083
76080
76087
23975
21914
45314
14041
411
76088
76090
1167
76092
76097
76098
24138
76100
76104
76108
76110
76111
76107
76115
76116
39740
76120
76121
76124
76128
76129
76130
19301
76132
68036
76133
42918
76138
76139
76141
76142
76144
76146
76147
76149
45955
28496
76150
76151
76152
76153
76154
76157
46412
36839
76160
60297
76162
76163
71084
76167
76170
76169
76171
76172
76173
76175
76176
76178
76180
76182
76184
76185
76188
76190
74267
76193
76196
76198
76201
76200
76202
76205
76207
76208
76210
76211
76214
76215
76217
76218
76220
76222
76223
76224
76225
76227
22717
76228
76229
76231
76232
76233
76235
76236
76237
76240
1822
76246
76248
1407
49905
64862
45127
21718
76252
76254
76256
76257
76258
67572
76260
76262
76265
76266
7082
76273
76275
17491
76158
76278
76280
76281
76284
76283
76286
76291
76293
76294
76295
76296
76299
76302
35193
76304
16961
76307
76310
76321
76323
76327
17392
76332
76334
57918
76339
76340
76343
41641
16490
76354
31248
16016
19661
8306
76375
76376
16626
1063
20345
76385
6902
76389
57165
76390
28163
76391
76394
76226
76398
76400
76402
28224
76404
76405
5673
64487
16711
76407
76409
76410
8855
76411
14581
13738
76417
42800
76418
76419
76420
76422
17607
76423
3041
610
76424
19025
27096
76426
74567
6825
76427
76428
76429
76430
498
49789
76431
76435
46218
76438
76439
76440
39318
831
26279
76446
76450
76451
26053
76453
11302
9265
76455
76456
76457
25612
76458
76460
76461
76463
2987
76464
76459
47403
76467
53918
76469
665
76474
69994
21952
59164
76479
76482
76483
76484
76486
76490
76425
24204
76492
76491
76488
76494
76496
76499
76500
76501
76503
76504
76505
76508
76511
76513
58991
76514
59344
647
6797
72221
76518
3071
58968
76521
76522
26564
76523
76525
13995
76527
76529
69025
76531
3514
76535
76538
76539
76540
34976
42038
2449
74708
76542
76544
75363
76545
76546
17142
76541
76548
76550
76436
76552
76554
76555
76561
76559
76563
76564
76568
76565
76569
76570
76577
76578
76579
76584
9495
40560
76314
1369
65724
76586
5160
31523
76587
42728
11058
76592
76593
30815
21681
76596
11819
76597
76598
76600
76603
76604
76617
75619
76619
76620
76621
22579
6789
76627
76628
76633
76634
76632
22509
76636
76639
3252
22490
76642
76648
76649
76655
76666
76261
76674
76678
74772
76697
62634
76698
76699
44700
17452
76709
76711
20418
76712
47169
6666
76717
1839
76722
76723
12795
76718
7192
781
76725
76726
76732
76733
76735
20739
17742
76736
76737
76738
76739
76743
2593
76744
76745
18667
23909
30230
35120
51614
76747
13358
76749
76750
76751
76635
27484
21879
1884
74882
38052
76752
76754
76755
35064
76756
76758
76753
76759
67329
4218
76415
12736
76760
13167
76761
58795
20414
76763
1370
23316
76764
76765
76766
21835
7917
9925
76767
54596
76768
35126
5187
76769
30338
76771
76772
76773
16677
76776
76777
76779
13032
53380
76783
76780
76785
76786
26410
76789
17206
76781
76660
54020
76794
76790
29714
76797
76798
76799
76802
76801
76803
75111
76805
775
76806
76804
76807
76808
76810
76812
76809
76815
76816
76817
76818
21837
76819
76820
7386
64395
76823
44601
22879
4883
76824
76825
64761
976
42279
76826
76827
74864
17253
76831
76830
76832
14658
48157
76829
76834
13089
17263
76838
1367
47953
76839
76840
76842
1009
76843
76844
2361
17408
76846
76847
40041
76849
76850
40040
76851
76183
25579
16526
76855
76852
25777
76857
15502
76858
5194
76860
17521
76861
76862
76863
76865
39958
76867
76868
33524
76869
76870
76871
76872
76873
11532
76875
76874
76876
76877
76878
40865
40864
35140
606
76880
20391
76881
76882
76864
3631
76885
76886
76887
58894
47405
76890
76892
76891
76895
76897
76896
76898
31381
76899
76901
76902
76903
76904
7033
76909
76911
76912
26411
1129
76914
1128
76913
76915
76917
76920
76921
65754
76924
13563
13208
10291
76926
30405
37186
76929
76930
76932
42623
76936
76938
76939
76940
5217
65260
76941
76943
17804
7895
18062
76945
76947
76950
76951
45449
76953
76954
76955
76078
76958
76959
76928
76961
9743
76962
16955
76963
22205
76964
76965
6853
76967
76968
76970
8926
76972
76973
18922
76975
76976
76978
76982
76985
76981
76986
76988
75608
75596
37147
75598
76990
37207
23712
76991
50212
73128
76994
76995
76997
76998
76999
77000
77001
48160
77002
36106
19224
16910
77004
77006
77007
77008
6453
77010
65036
77012
77011
77013
77014
1605
9879
77016
18180
77021
77026
6899
77033
16506
77034
6424
36838
77035
77036
77038
77039
77041
20426
22170
77042
44638
77043
76705
77044
77045
77046
77047
46164
77052
77055
46210
43752
77056
77057
77058
77059
77060
970
77061
77062
34436
77063
77065
43038
77070
13163
35960
77066
77022
77074
77024
45330
77079
77081
77077
77083
77082
63963
46503
46419
3619
77085
77086
77073
65248
60484
32425
77089
72711
77092
45092
77090
15749
45089
17892
6298
64277
39121
20677
77095
47125
4545
77097
77099
24708
77100
6646
77102
77106
57691
77108
77109
77110
77111
77112
77113
77115
77116
77117
77120
74232
54681
77124
77129
77132
77133
19385
77139
77140
77142
77144
77145
6643
43351
77105
77149
25201
18583
77150
24208
77151
77153
77157
77159
77164
15163
77167
77166
77168
33705
33713
69896
77174
77176
77178
77180
77188
77185
77190
77192
77193
11806
77196
77199
77198
240
77207
77208
3338
77215
77216
4902
77223
77225
77226
8312
77230
17195
76787
77233
17541
77235
33274
77238
77242
77243
77245
77249
40649
77253
75979
77260
72940
1382
77267
77262
77269
77270
77273
2984
46205
77274
2826
77276
77278
77282
77284
77285
42489
77288
40116
77290
16296
77291
77295
77297
77301
77304
77309
77313
77315
77311
77316
77320
77321
77317
28767
77324
77325
77330
77331
77332
77335
6989
549
77339
77342
77341
77343
77344
77345
77338
77346
77347
22069
77349
6955
77350
77351
37193
77352
77353
77355
77356
77357
77358
77360
41651
77362
23335
77368
77370
77371
77375
40397
6504
77385
41824
77394
77396
16496
2209
77404
77405
77407
19547
6658
77412
77413
77415
77420
51809
35045
77422
77423
64866
8948
77425
77426
38966
77428
77429
77431
77435
77437
22703
77438
6934
77439
77440
77441
77442
77443
77444
32433
77445
77434
6582
77448
77447
2239
926
77450
21895
77451
18259
1166
5175
7321
20728
77454
29744
17251
77460
17220
77459
77461
77462
22346
77463
6971
77465
65793
26020
77469
77470
42679
77471
77472
77473
77474
77477
77478
13915
47773
76664
77480
77481
2887
77482
77483
77484
77485
13289
77486
77488
77487
77489
15925
18292
77493
77496
77501
77495
27572
40428
37794
77504
38400
77505
8324
77507
77508
77509
15334
77512
77513
27222
77514
6861
55265
77518
6877
77519
77521
77523
77524
77525
77528
33345
6898
77530
77531
17394
17564
77533
77534
77535
1281
74780
77538
77532
77539
77542
77543
77544
47007
77541
77545
77549
19450
77550
77552
77553
77555
77554
77556
58847
77557
77559
77560
77558
27321
77563
77564
77562
77566
77567
77568
77569
77573
77572
77574
7696
77575
38672
77577
14596
77578
77497
77583
77584
77587
77588
77589
53384
77591
2042
2988
68373
44156
43620
1400
8491
2985
5925
77598
3016
5191
62858
37783
77603
77605
77606
18217
30925
77608
77611
77618
77619
77617
77621
77623
51097
77624
77625
74453
77630
77634
77636
70719
644
77644
77646
77635
77648
76442
77651
76443
77653
77654
77657
77659
31893
31759
77661
77660
3710
77663
77664
77665
64616
77681
77683
10640
40052
77688
77005
77693
77697
77698
51359
39239
77705
17260
994
77708
77709
77710
77712
77713
77714
77715
77717
2586
77724
75055
77729
77730
77732
8832
77735
3596
77737
75460
77739
77741
77742
77743
77744
19412
77746
77748
50290
46771
18183
77750
77751
64271
77753
22254
77754
77755
54069
6998
77758
1313
16497
46466
1553
77760
77762
77759
26417
77763
77765
47521
77766
77767
77769
77770
46895
77771
77774
77727
77776
77779
77780
77597
77783
77784
77785
77786
77787
77788
77789
77790
77791
77793
77792
70857
77796
77797
77798
15396
16568
60041
77799
77800
77801
77802
77803
77805
77808
77809
77810
77811
77812
36348
77815
17763
77818
15089
34768
77822
6771
77823
77827
51902
30350
77826
77831
77834
77835
77836
21429
16039
3483
77837
77838
77833
26100
11046
77840
77842
24530
77845
77844
77848
77850
77250
16409
77855
44318
77861
77863
77865
3429
25439
77852
77868
77869
77871
20789
77873
51259
1243
77874
6959
77876
32265
77875
77877
77878
77879
77880
8758
77882
77883
77884
56162
77885
77886
45565
77887
47616
77888
77889
77890
45576
77891
77894
77892
4051
20431
77897
77893
77898
77899
77900
13628
77902
42755
77904
39272
77903
14354
76992
24658
77907
77906
77908
77867
36928
77909
77911
1477
77913
5176
77914
77915
77916
77917
77918
77919
77922
4216
77923
77927
77928
38501
77930
77934
77933
77935
77938
75281
13022
77948
77949
17280
77950
77951
18882
77952
77954
77642
77947
77957
77956
77958
77959
7513
77960
77961
15332
77962
19479
77964
26151
77967
77968
77966
77969
75352
38762
77973
77971
77975
77974
77976
77978
77977
77979
77980
7761
77982
19526
77983
77734
77986
77989
77990
77993
77994
32703
77996
63120
67872
77997
77998
77999
77537
32169
78001
78002
78005
78004
7659
78007
78010
78009
78011
78012
78013
78014
78015
78016
39543
78020
78021
78022
78024
78025
78026
78027
78028
78030
57634
78034
78035
23579
24860
78037
38873
78039
78046
78047
78049
78050
17445
65814
77227
78061
61610
78070
46354
76854
78078
78079
78080
78081
78089
78091
15177
78099
78003
78114
13304
1211
77476
78121
62625
78122
78124
78126
78127
78128
78123
23127
78131
78137
1371
78144
23647
78145
78146
78147
11235
78148
78149
8756
24008
42377
78151
78153
29228
78154
44151
29966
24652
78158
29955
78159
78160
78161
78162
78163
78165
78168
78169
78170
78171
78173
78174
78177
78178
78180
78179
13416
78182
78184
78185
78188
78189
78190
78192
78195
78193
78197
78199
78155
78200
78134
78201
78135
78204
78205
78206
78207
70485
78208
77939
24582
78218
78222
78223
78224
78221
78225
78226
31794
8479
78227
78228
78230
17754
78235
32691
78237
78238
78239
18378
65612
76888
78241
14136
30830
50606
78245
78247
28855
3628
78250
78253
78254
78257
78259
78251
78261
32464
78263
78266
78265
75572
78268
78256
34351
78276
78278
78281
78280
78279
60613
78283
78286
78288
78290
78292
78284
5365
4790
78299
18638
78301
78303
38803
62739
78306
78307
78308
42712
58068
78310
78312
889
802
78313
65324
33680
77864
78318
78209
65321
78321
78323
5359
78324
78326
78328
10148
78329
64691
78330
78331
78332
78336
78337
17698
78338
78339
78340
78341
78345
78346
78342
78350
78352
78132
1729
78354
78355
78356
78360
46377
10796
78362
78069
78365
78369
27068
78370
78371
78374
78372
78375
46489
78378
78380
78379
78382
78383
78384
78387
78270
78389
78385
78391
78392
78393
78394
78395
78397
78399
78401
78402
78403
78398
78405
78404
78414
78415
78417
30773
78419
10328
60188
78421
78422
78423
78366
78424
78425
78426
78427
78428
8374
78430
27064
20365
76937
5180
7643
28977
15743
30997
34654
78432
3886
75913
78436
78437
75622
67543
12551
78441
11601
78442
78443
78444
78446
78447
78452
78455
78459
78464
78469
78471
78473
78483
78487
78492
78493
78499
78501
46616
78514
27812
78516
77695
78521
78528
73961
35183
29590
7239
78538
43329
78541
20322
14528
78546
78547
59227
78093
78555
74077
31660
78558
58706
42247
78562
58715
58657
13418
37733
78567
78568
78570
78571
77757
78572
78573
78577
78578
78580
78581
78579
7013
34621
78584
78585
22229
78586
78587
78589
40819
78593
78594
78596
78598
78599
78600
78601
61863
18821
14132
52631
21991
27172
78602
22741
2890
77337
77336
78604
78606
36057
78608
308
78609
78065
15088
13887
78611
78613
78614
78615
78621
78624
11525
78627
1642
78628
78630
2143
78631
78633
78605
78634
78635
78637
78638
78639
78640
71011
78641
25691
19278
78643
78645
78647
78649
78651
78653
78654
32055
78656
13510
78657
78658
78659
78660
78662
78663
78664
78667
78666
78670
78671
78675
78677
78679
78682
78683
78686
78685
70605
78688
78691
78693
78692
78694
78695
18167
78697
78699
78700
78701
78705
78703
78707
70841
78708
78709
10815
78712
40216
6697
78714
17561
78715
78716
78717
78718
78720
78721
78722
78725
78726
78727
78728
78729
78731
78730
6316
78733
46768
78735
78736
78732
78737
78742
78743
78745
47022
1265
78746
30769
78750
2978
78752
42576
78753
44320
78754
78755
78756
16268
20604
3047
7349
78758
78759
56065
78761
8184
78764
78766
78767
78768
78773
78776
78778
78782
78789
40069
78803
78804
78808
78813
78816
78818
78820
78822
78826
78827
78828
78829
78212
78836
78840
44552
78848
78849
78852
78853
78868
68106
12374
78881
7805
78900
78899
78901
78902
78909
78912
78914
18759
78921
78923
40302
78925
78926
47555
78191
16384
78928
78930
78931
78933
78935
75948
78936
78937
78939
78940
36258
38456
78942
36252
78946
35401
78948
16891
78954
78959
25317
78961
78962
78957
78964
78806
78966
78968
78970
78969
78971
78974
78975
78976
22523
78895
78983
78986
78988
78987
78990
78989
78991
78992
78994
78996
78997
79000
79001
79002
79005
79006
34743
79009
75621
82761
76971
37153
8739
34748
31914
79011
79013
79015
33324
5173
26851
65702
22042
79017
38511
5185
79019
79020
79021
79022
79025
79027
3726
79028
79026
79029
79030
18614
33549
79032
18618
73251
79033
79003
1715
79035
79038
79042
79047
69223
79049
79050
79048
79052
79053
79051
34752
78678
79054
62369
79055
79056
79057
79058
79062
79063
79064
75817
79066
79070
79072
65722
79073
1196
79075
79077
79081
79084
79083
79085
3332
79086
79089
79090
28270
79091
79092
14467
79093
2142
252
79094
46928
46927
19749
79095
79096
30140
2277
78036
79098
14990
16875
79099
10416
3
239
39377
79104
79103
20419
79105
13698
16371
79106
31773
78243
79110
79113
25875
20218
36978
79116
79117
79118
2544
79114
79121
79122
1218
3262
17588
79125
79127
79128
79129
13881
79130
79132
21129
79133
79134
5165
79135
14
5196
18297
79136
79137
8234
79138
79139
79140
1321
3381
79144
79143
79147
79145
79148
79149
79151
79155
79158
52004
76859
77740
28730
18110
404
3257
2174
33534
14225
78863
79180
79184
79185
27972
79186
79165
79178
79192
79194
79195
79172
14667
75009
16038
79199
79200
79201
79202
79203
79205
79208
79210
79217
79219
45279
44377
79225
79229
79231
79232
79233
79235
79234
79241
79243
13485
79254
2797
79262
79265
79267
79268
79269
7054
22449
23013
79276
2895
59874
79277
79279
26740
72106
18330
60463
57708
79283
79285
23096
79286
24965
79289
79290
79291
79292
19533
79293
25567
79294
79296
79298
79299
79300
79301
925
79302
79303
79304
79305
1479
40771
79306
79307
79308
79309
79311
79312
79313
79314
79316
79315
31164
79317
79318
79320
79321
79322
79323
16592
17327
17687
17290
79112
8355
79327
79325
79328
79330
79331
79333
22311
16820
79340
79343
79344
79345
79346
79348
79349
79353
79355
79356
79358
79359
17976
79360
61986
79362
79365
17507
79336
79335
24447
79341
79369
79372
79373
79374
79375
79376
41926
31002
79378
79379
79380
79382
79383
12066
79384
79385
79387
79390
79392
79394
79395
79396
79398
79399
79401
79402
79403
79404
79406
79407
79408
71029
79410
5899
79272
20603
79411
79416
43702
79418
79417
79419
38660
79420
79421
79422
79423
79424
79427
79428
79429
79430
79431
79432
79433
50680
79434
79437
79438
79439
79440
79377
79444
79445
79447
79450
79451
79452
79453
52
79454
30810
79456
79457
79458
79461
79443
79462
79463
79464
79466
79469
58
79472
79474
79477
79478
79479
70580
79481
79484
79486
50553
79488
8744
79489
79491
23432
79493
79495
79497
79499
79508
79509
79510
79513
79518
50631
64373
79519
79520
19078
22255
49158
79534
79535
79537
79507
79541
79548
79554
47664
79188
79563
46411
509
7429
79568
79569
79572
79573
18762
79574
79576
79579
79580
79582
20335
57596
79588
75059
79587
79590
79592
79593
79595
79597
79598
79600
79599
79601
79602
79605
79606
79607
18791
14046
18823
49568
79610
79611
70726
79612
79616
79617
79618
79619
79621
79615
79622
79625
79624
79626
71713
79627
79629
79630
79632
79633
19497
79634
27607
79635
79637
79638
79640
79641
79642
79645
12319
79648
79649
79651
79653
79654
79655
79659
77857
79661
46725
56085
14802
79665
79660
79667
79669
79672
79675
6513
75706
29975
79678
79681
79631
79682
79683
79686
29215
79688
18142
79687
79690
79691
79693
79694
79695
79696
79698
79700
79701
79705
9924
20973
1360
79708
79710
79711
79709
79712
79713
79716
79717
79718
79719
79720
79721
79722
79724
79726
40025
16404
79733
40047
79736
79737
79740
79741
30040
79689
79744
79743
79745
79746
79747
79748
79750
79755
33999
40035
79756
79757
79758
2747
79759
79760
79761
79764
79765
79763
79766
79767
79769
27343
79770
79577
79771
79772
79773
79774
43499
79775
79776
79779
79778
79781
187
79784
79785
79787
79786
79788
79790
79794
79796
79798
79797
79799
79801
79802
79803
79804
79805
79806
17664
79182
79213
18221
34704
76309
76836
79808
2241
79811
72300
67551
79815
20298
79818
32474
79819
79820
19622
79822
79824
79825
79826
79827
70989
79828
79829
41270
79830
14402
79832
68012
79835
79836
79807
28616
45191
79838
79839
78575
79840
79837
79842
79844
62004
79845
79846
79847
13637
19504
22832
79848
79849
20617
79852
79855
79856
31810
79859
79858
43134
79860
79861
79862
79863
79864
79865
79866
79867
19484
79868
79869
79870
40855
79871
17137
17474
79872
79873
79874
79875
79876
79877
56290
79879
29918
784
79880
56145
79881
76373
79882
79883
79884
79886
79888
79887
56136
79891
79890
29139
79894
79893
79885
79897
79895
79899
79901
79902
79903
79905
79904
79906
79910
79909
79907
79911
79912
79913
79915
79918
79920
79922
79919
79924
16586
23960
79926
50550
79928
79931
79932
20303
79933
79934
44647
29222
8590
79917
21852
79937
79936
79938
79939
24484
60808
79941
23167
79942
35900
79943
79945
79946
79947
79948
79949
79950
79952
79953
54211
79954
79955
79957
79958
34856
79960
79961
79962
79963
79965
6917
20108
59172
32121
66437
79968
19280
79972
79973
6584
25486
79974
79976
22389
59298
79977
40707
79982
79983
79987
79989
79990
79988
5727
79991
79992
79994
79996
79998
20792
28816
58581
47034
39140
80005
80007
80010
80012
80013
80000
52219
80019
26409
80021
80022
80023
79742
80024
80026
80030
80037
80032
35285
80040
80041
80043
80046
80049
80053
15395
80060
80061
80062
98
80069
80070
80073
80083
80075
80092
80094
80100
80105
80108
79834
67646
80113
80117
79809
80118
65149
80127
15031
80129
36289
80130
80131
30435
18080
80136
46790
59926
37714
79111
2446
80143
80149
80155
78508
80157
80158
80159
80160
80161
80164
57937
80166
80167
80170
80171
80173
80174
2201
1143
48179
38462
46896
80177
78359
80178
80181
80185
63469
80084
80190
80191
80193
80194
37038
80195
80197
68085
80201
80202
40540
80203
80204
80205
80206
80208
36110
80209
43366
80212
54662
80215
48814
53431
80216
80219
80220
79814
80222
80224
80225
80226
80231
80232
80233
80227
80234
80235
80237
30266
80238
80243
80244
80245
80248
80247
80249
80250
80251
78780
80253
80254
80255
80242
80260
80261
80262
25659
80263
80264
78107
80265
80267
80269
14732
80273
80275
1623
80276
80279
48139
80280
80284
80285
80286
80288
80287
80289
80290
80292
76434
2998
80294
12465
80295
80296
80299
80300
80301
80302
80303
80304
80305
80306
2163
80309
14463
80310
28077
80311
54968
80313
29735
80312
80315
80316
80317
62463
53047
35253
80318
80319
80320
80321
80323
80324
80325
46437
80329
80331
80332
80333
80334
41513
80330
80335
4897
1663
80340
80341
78214
80343
80344
80345
24229
80348
80347
80349
80350
80351
80352
80354
80355
57305
80359
80361
80362
80364
80365
80366
80368
80369
80371
80373
80375
80377
80376
6522
80378
80379
77910
47389
29757
80380
80381
80383
80386
80387
80390
80391
80392
80393
80394
77326
80397
27325
40147
22691
80400
80401
80404
80405
80407
80410
80411
13878
28217
69482
80414
80415
2371
80412
62639
5502
80419
2367
80421
80425
80423
80428
80429
80430
80431
80346
80424
80434
80435
80436
80437
80438
80439
80440
80441
16276
12589
80433
64797
53613
7768
26784
20023
80445
66586
80447
80448
80449
80451
80452
40915
37229
79031
80457
80460
80461
80462
80464
80466
80427
80468
80469
80472
78810
80474
62995
80471
2709
80475
19812
80477
80479
6979
80480
20299
80486
49894
80490
80491
2894
11570
80497
80499
80504
80505
79589
80511
80518
80459
19128
80533
80534
34633
80536
80541
46382
80443
80546
48196
80547
75777
80552
80558
80559
80560
80561
80562
80563
80565
80564
21280
44387
80566
23181
80569
80570
80571
80574
76063
80578
80579
80580
80581
63711
80582
80583
80586
80587
80588
80589
71563
80591
80590
17810
38794
80593
80595
47011
80596
80597
80599
80600
80603
80605
80606
80482
80609
68439
80611
80613
14529
76475
80616
80621
80622
80623
80624
80625
80626
80627
80628
80630
80631
80632
80636
80640
80641
34566
80642
80643
80644
80612
80647
67653
69546
80649
28238
80651
80652
80654
80657
80658
21624
80659
80661
80665
21193
80666
80667
80668
20529
80671
32399
80620
80673
80674
80676
80677
66388
66341
80682
4351
80686
80688
80689
80690
80691
80692
47475
78196
33043
78684
1513
80693
80694
80696
80695
80700
80699
80704
80705
80707
80709
80710
40043
80712
80713
80714
80716
80715
80717
12725
80720
80719
80721
80722
16543
28271
80724
80727
8733
80731
80730
80735
80736
80742
80745
80746
25301
80750
80752
80753
80754
80755
80756
80757
80759
49840
80762
80763
65723
19247
80765
19910
9201
18554
20140
80770
80772
80773
80774
20869
25471
25496
80776
80777
12744
80778
16968
80780
80783
80784
80786
80785
80788
80789
80367
80790
80791
80794
80795
80796
80797
26538
80685
80799
80800
80801
80803
80804
80806
80805
80808
80809
80810
80811
40709
80813
14114
80816
80814
80817
80818
22202
35163
31167
80819
78622
80821
80820
80822
18760
80823
80825
18550
80826
80827
80828
80829
6517
80833
80832
80176
80834
20563
80837
80838
80839
80840
80841
69585
62125
80842
80847
75498
80849
80850
32485
80851
9646
80852
13075
80853
27359
80854
35099
80855
80856
80857
80859
79984
80862
80866
80872
80874
40037
56072
47826
80865
80876
80877
80878
80880
80882
17527
80888
80897
80899
80898
80900
80902
80903
80909
41773
80911
80914
38077
80917
80919
17048
80921
80925
2679
3616
23289
80927
15829
80931
80935
80939
80858
60362
80944
80956
17813
80963
316
80967
80970
79604
80973
6705
80974
78922
80975
70892
1126
13731
80981
34309
80977
80985
80986
40386
80601
80989
80992
80993
80994
80998
80999
81000
81001
81003
81004
81005
81006
81007
81008
81011
81012
81015
81020
81021
81022
81024
81026
81027
20850
81029
81031
81032
81033
81034
81037
81036
81039
81038
81040
81041
75501
81042
81044
81047
81046
81052
81054
42759
81056
81055
25121
81059
41896
81061
81062
81064
49698
81065
81066
81068
81070
81071
81073
81072
81074
66550
49414
49444
39287
81080
49415
81081
49411
81082
81084
81085
81087
49440
24511
81088
49458
33883
81089
81090
81091
81092
81095
81096
25614
81097
47704
81098
81099
81102
81103
81107
81105
81112
81111
6980
81113
81114
81115
81116
81117
42328
81120
81122
81125
81126
81128
81129
81131
81132
65746
54489
81135
81136
81137
81138
81023
81140
81142
16210
1397
81143
81144
52377
81148
81151
81153
81154
81155
81141
81157
80978
7241
81159
81160
81161
81162
81165
81166
81164
9633
81168
81169
81174
81175
81176
81177
81178
81181
81182
1173
81183
17566
81185
81186
81187
81188
81190
81191
81192
950
81194
81196
81197
81198
81199
81203
65055
81202
81207
81206
81208
6305
37804
21908
81205
81211
81212
80577
81213
81214
81215
28736
81216
81218
81219
1707
81220
81222
81224
81225
81226
75609
81231
78878
81235
81237
5630
81238
21457
81240
81234
968
32260
3877
4227
24203
81239
81242
81243
81244
18717
81245
81248
26819
81251
1083
78019
81250
81252
18732
1154
81253
81255
81256
81257
81259
81261
81262
18839
80629
81265
81266
32110
32135
14156
81043
81268
81269
81270
167
81279
39708
81280
81281
81285
53639
8773
47544
81288
81289
81292
81293
81295
81296
81297
81298
81299
81300
33225
81303
28025
80004
17041
81305
34538
81306
81308
81309
412
81312
81313
65224
81323
24389
81325
81331
81335
10549
81329
11247
81336
81338
81347
73732
81361
81342
81371
81379
81382
81383
81106
81387
81388
81390
81392
81393
81394
81396
23333
81397
81399
81389
81400
81401
81402
81403
52113
81405
81407
81408
81409
81410
81411
81412
81413
81414
10832
78294
1233
28904
81418
81420
81421
81422
81423
81424
81426
81427
81429
81430
81433
5722
81434
81436
81439
81438
81440
81441
81443
81445
81444
81446
81447
81449
81450
81451
81454
81453
81462
81463
81465
81468
242
81469
79896
81471
48234
81473
53807
81476
81477
81478
81479
81481
1762
81482
81485
27326
81486
81487
81488
81489
81491
81492
25833
81494
81495
81474
81496
81497
81502
81504
81505
81506
47029
16943
79908
81509
35077
33787
81513
81514
81515
81512
7774
81517
81518
81511
81521
81523
81525
81516
81527
81528
7125
81529
81530
81531
81534
37322
81535
81537
81538
81539
81540
81541
81544
76203
81546
81547
80728
81548
841
81550
81551
81553
81554
81555
58496
18843
81558
81559
81560
81561
81564
81563
81567
81566
81569
81570
81568
81571
17572
81573
81574
81575
37773
81578
81579
81580
14613
81581
81582
81585
81586
81587
4023
81589
81590
81592
18788
81593
34233
81596
81595
81597
81598
81599
14487
81600
79222
81601
81604
81606
42892
81607
81608
81609
39183
81611
81612
81613
5947
71627
81616
81618
81619
81620
21104
37770
55594
81622
73189
81628
81577
81629
33939
15606
81630
81631
16347
81632
81634
81638
81639
81644
81645
81647
81646
81648
81649
81650
81651
81653
1112
81657
81658
81659
81660
78252
7928
81662
81663
81665
16393
81666
81667
81668
81669
81671
42251
81672
81673
81674
81675
81679
81680
81683
81688
81690
81691
81694
29198
81696
31642
81697
81698
81699
81701
33537
81700
81703
22870
81704
2021
35314
64208
81708
81709
81711
81720
81722
81726
81729
10101
81731
81744
81745
81746
81747
81752
75930
81766
81768
81769
52270
81681
81781
81783
38060
81786
81787
81794
81795
81610
81797
81799
5386
779
81804
81805
81806
81807
52525
81810
81814
81815
32731
81816
81819
81825
62043
81827
28204
80662
66612
20926
81831
81833
848
81835
81837
81839
81841
81840
81842
81844
81845
81846
81848
81849
81850
81851
81855
81854
81856
81857
81858
81863
81864
81865
81862
81873
81876
81879
81882
81884
81886
81888
81889
81890
81892
81899
81900
81902
81903
17956
81905
20256
81908
5156
81909
81910
81911
81912
81913
81686
81915
68461
81921
81923
81925
81927
81926
81930
81931
81934
81933
81935
81937
81936
81939
81940
81941
81948
81949
81950
81953
19959
81955
36689
81957
81958
81962
10087
81964
81965
81967
81968
81942
81970
14913
81972
81974
81973
81977
81978
40549
81979
81980
81981
81982
81983
81985
81986
81987
81988
10594
41355
82008
23798
77814
16896
14442
82005
82026
42996
8939
13570
82038
82040
37667
22332
81907
7507
8835
9269
82046
26953
82062
82066
21466
82068
9415
82073
82077
82080
75499
82082
82091
82092
82093
82095
82096
82088
82097
7142
82098
82103
72099
29338
32115
82107
82108
82106
82113
9155
1119
82117
82120
44043
41922
24807
40681
82130
50048
73813
39356
44143
82151
47795
65222
63719
82162
5642
82166
31548
35039
82175
11048
82179
11047
74155
75585
82182
82188
82190
82192
82185
82191
72252
82200
67937
82202
82203
82205
82209
82210
82211
82212
82213
82215
82217
82218
60853
13858
82227
18111
82234
82237
82241
12774
82245
82247
30379
59754
82252
38663
82256
82258
158
82273
82277
82285
79350
82292
79492
13444
42882
82305
82308
82315
82328
82333
82335
82336
82334
69992
82337
28417
82329
82341
82344
82345
82340
82347
82346
82349
25805
82350
82352
82351
82355
82353
82356
82371
82372
41408
82380
82386
79585
82402
82404
82405
82400
82409
35981
82414
49918
82417
82420
82424
82418
49827
82432
82434
47754
82435
82437
82439
82443
82430
82444
82445
82452
82455
82456
2815
46086
82459
82463
82464
82460
82462
51445
82466
82468
82469
82475
82484
82487
8448
82488
82489
82492
82494
82496
82495
82497
82498
82501
70119
82509
82508
82515
82516
42827
82518
82522
82528
17721
82529
82527
43741
82533
82534
82537
82540
82541
82542
82548
16993
82552
82557
82556
82564
61957
24722
82574
82585
82584
82586
82594
31491
82595
82597
50422
82619
82625
82637
82638
82643
82631
82645
82646
82647
35569
82295
82649
82667
82668
82677
82248
82688
81327
82699
82697
74482
82713
82715
82712
1919
82717
25183
82720
82725
82727
82728
27590
82732
82733
82734
82735
82738
6079
82737
82739
82745
82746
82747
82751
82754
82756
82759
82760
82762
82763
18102
82766
82769
2252
82770
82771
82772
82773
82775
82780
82792
16672
82802
82805
82818
82820
82821
82823
82824
82826
82829
29598
82830
70663
82836
82838
82842
82848
82856
82860
42951
82862
82864
82865
82866
82870
82872
7488
82880
82885
82886
82887
82889
82890
82894
82897
82898
82902
81693
82903
82904
82905
82906
44748
82907
82908
82910
82915
82892
82918
82919
82921
82923
82624
551
82929
82931
82939
82943
82946
82950
82953
1228
1229
82957
82960
82961
75548
82979
82986
82992
82998
82999
83000
83004
83006
8449
83008
83009
83010
83011
83012
83014
16022
83015
83017
83018
83019
83022
83023
83025
83026
83027
83029
83031
83032
83033
83041
83042
83044
83043
83049
83051
67325
83055
63028
83057
18024
83061
83064
83067
83068
83070
83071
83072
83073
83074
83075
83076
83079
83080
83081
83082
83083
83088
83093
83096
83097
10043
83100
83099
83101
83102
83103
83105
83106
83107
83108
83109
83110
83111
83116
83118
83120
83121
76145
83122
83123
83125
83128
83133
83135
83134
83137
83142
83145
83147
83148
83149
83156
83157
83158
83159
83160
83161
7276
83163
83165
83167
83169
83171
83174
83177
83152
27987
36327
60049
83182
40239
83184
83185
83186
83187
83188
83190
83191
36907
83192
40248
81762
83195
83196
83199
83200
83201
83203
83207
83209
83210
83208
83212
83213
83214
83217
83218
83220
61395
83221
83222
83223
83225
83224
62047
83226
83227
83228
83230
44958
83229
83232
83233
83234
83236
83238
83239
83240
83241
83245
83248
83252
83256
83257
83260
83261
83262
83264
83266
83268
53397
83270
83272
6755
1040
83273
31974
83274
83275
83276
83277
6447
83278
83279
83281
83282
83285
83288
83289
83291
83294
83297
83298
83302
51063
83303
83307
83308
83306
83313