3
7
11
14
28
49
50
52
53
56
66
80
81
90
95
99
100
103
104
112
127
171
173
174
179
181
183
187
193
229
240
265
272
287
299
316
327
363
411
413
445
457
481
525
544
549
560
566
578
583
586
592
596
609
610
612
633
634
639
640
642
644
645
654
655
657
660
662
671
678
681
683
685
693
694
720
722
751
768
774
779
783
784
790
796
798
799
801
805
806
810
811
817
818
821
823
828
829
831
833
837
857
862
897
901
906
917
919
925
938
941
950
960
961
966
968
970
1005
1009
1032
1040
1046
1056
1063
1071
1075
1081
1083
1084
1112
1124
1126
1136
1143
1145
1167
1172
1177
1178
1187
1188
1196
1207
1210
1228
1229
1236
1240
1241
1251
1252
1254
1258
1307
1309
1310
1313
1321
1337
1346
1354
1360
1365
1367
1370
1371
1373
1374
1381
1382
1383
1387
1393
1401
1402
1403
1409
1412
1419
1420
1421
1439
1444
1459
1462
1471
1475
1497
1510
1511
1536
1543
1552
1553
1584
1588
1604
1622
1688
1690
1707
1708
1710
1715
1717
1723
1728
1729
1736
1739
1796
1806
1811
1820
1822
1839
1884
1900
2020
2021
2095
2141
2142
2165
2166
2171
2174
2182
2183
2188
2189
2190
2192
2196
2204
2212
2219
2220
2221
2228
2229
2240
2257
2266
2292
2297
2322
2338
2346
2349
2350
2352
2354
2356
2359
2361
2367
2387
2393
2398
2434
2487
2508
2554
2586
2593
2594
2596
2603
2645
2663
2670
2679
2699
2721
2747
2771
2772
2778
2795
2806
2807
2839
2842
2843
2845
2847
2856
2876
2887
2888
2889
2892
2948
2954
2963
2982
2986
3002
3041
3046
3047
3069
3071
3075
3078
3172
3217
3219
3262
3266
3268
3305
3307
3312
3332
3338
3339
3340
3355
3366
3389
3418
3429
3454
3514
3519
3533
3564
3600
3607
3616
3619
3628
3629
3657
3672
3674
3704
3705
3726
3746
3753
3834
3941
4010
4105
4137
4176
4235
4254
4263
4310
4368
4386
4424
4465
4520
4559
4649
4679
4701
4708
4732
4817
4962
5047
5061
5081
5156
5158
5160
5162
5164
5165
5168
5174
5176
5180
5186
5187
5189
5192
5194
5195
5196
5203
5207
5217
5263
5278
5374
5386
5486
5501
5572
5573
5574
5621
5630
5673
5677
5691
5702
5727
5825
5947
5950
5967
6059
6129
6182
6239
6259
6268
6291
6294
6295
6297
6298
6299
6302
6305
6406
6414
6422
6439
6440
6443
6447
6449
6453
6467
6475
6487
6489
6499
6502
6505
6511
6513
6517
6522
6528
6530
6538
6564
6580
6582
6584
6586
6596
6598
6602
6606
6612
6626
6630
6646
6654
6656
6662
6668
6686
6688
6696
6698
6705
6745
6746
6749
6751
6755
6771
6778
6792
6795
6797
6803
6810
6813
6816
6821
6825
6834
6838
6842
6844
6852
6853
6854
6861
6862
6864
6865
6866
6870
6873
6874
6878
6879
6885
6892
6897
6899
6917
6924
6934
6952
6955
6959
6971
6978
6980
6986
6989
6998
7013
7030
7033
7035
7036
7043
7052
7054
7077
7125
7126
7133
7137
7153
7171
7201
7204
7211
7212
7213
7223
7228
7239
7241
7280
7281
7307
7376
7386
7496
7513
7524
7559
7605
7613
7633
7703
7704
7705
7733
7750
7765
7785
7805
7889
7895
7917
7928
7929
7951
7955
8098
8147
8203
8278
8306
8315
8324
8342
8355
8367
8374
8388
8429
8437
8448
8449
8453
8467
8479
8491
8570
8590
8592
8599
8600
8643
8754
8764
8766
8773
8798
8874
8904
8948
9000
9014
9104
9134
9136
9278
9388
9399
9407
9478
9533
9589
9611
9617
9633
9644
9690
9743
9854
9879
9898
9924
9963
9964
10040
10059
10073
10191
10291
10302
10361
10377
10405
10425
10456
10460
10507
10546
10547
10549
10610
10814
10906
10914
10930
10964
11000
11033
11046
11182
11190
11243
11282
11285
11288
11312
11321
11322
11328
11369
11586
11623
11710
11725
11745
11768
11782
11806
11821
11874
11884
11897
11989
12009
12055
12080
12109
12142
12325
12332
12373
12463
12467
12471
12493
12517
12523
12539
12546
12662
12696
12789
12791
12794
12795
12937
12953
12971
12974
13024
13079
13116
13118
13139
13141
13142
13172
13176
13232
13284
13286
13361
13364
13378
13416
13428
13444
13498
13510
13520
13523
13546
13557
13623
13626
13627
13628
13637
13638
13672
13698
13724
13783
13803
13807
13830
13834
13878
13880
13881
13883
13886
13887
13893
13897
13900
13902
13957
14043
14071
14132
14163
14164
14225
14270
14282
14337
14352
14375
14409
14418
14489
14528
14529
14548
14567
14571
14605
14610
14613
14618
14622
14632
14636
14665
14669
14671
14673
14679
14681
14726
14735
14740
14774
14781
14783
14802
14810
14830
14838
14854
14882
14902
14906
14917
14919
14966
14986
14990
15007
15023
15034
15053
15088
15129
15163
15196
15227
15246
15266
15287
15344
15435
15520
15562
15586
15590
15606
15607
15621
15636
15643
15674
15711
15717
15797
15829
15837
15896
15926
15951
16032
16039
16097
16105
16111
16129
16154
16188
16203
16210
16231
16234
16247
16264
16268
16356
16373
16386
16426
16445
16453
16466
16468
16479
16488
16495
16502
16504
16515
16516
16526
16527
16542
16569
16605
16621
16630
16634
16655
16676
16677
16680
16697
16714
16717
16724
16728
16732
16772
16790
16814
16815
16818
16831
16839
16842
16887
16893
16895
16901
16913
16914
16943
16955
16961
16962
16972
16979
17000
17039
17048
17059
17081
17104
17120
17125
17174
17178
17201
17206
17226
17253
17266
17269
17289
17299
17305
17312
17315
17325
17338
17344
17357
17360
17362
17392
17397
17399
17407
17415
17445
17452
17474
17497
17514
17524
17527
17538
17541
17547
17564
17572
17602
17607
17646
17648
17655
17726
17758
17766
17791
17810
17813
17825
17835
17862
17870
17892
17905
17908
17916
17953
17956
18024
18059
18063
18079
18080
18091
18104
18107
18180
18193
18203
18217
18218
18221
18234
18247
18267
18272
18304
18312
18317
18330
18334
18337
18342
18378
18444
18454
18511
18533
18550
18567
18583
18590
18604
18614
18625
18639
18662
18667
18677
18684
18686
18692
18694
18699
18737
18739
18762
18782
18791
18805
18813
18821
18839
18843
18895
18962
18991
19011
19012
19027
19127
19133
19150
19167
19198
19240
19247
19256
19269
19301
19316
19327
19375
19396
19409
19412
19450
19475
19484
19497
19499
19531
19533
19537
19547
19562
19575
19579
19588
19592
19619
19633
19636
19649
19650
19655
19672
19679
19706
19708
19714
19721
19753
19775
19778
19787
19812
19813
19818
19853
19879
19886
19904
19916
19945
19953
19971
19980
19988
19998
20004
20011
20014
20086
20087
20100
20104
20108
20145
20196
20197
20218
20228
20234
20240
20246
20247
20277
20282
20287
20299
20339
20344
20345
20351
20355
20379
20390
20401
20414
20426
20427
20431
20455
20457
20460
20461
20484
20492
20499
20529
20533
20556
20557
20590
20592
20617
20631
20633
20657
20681
20725
20729
20735
20785
20789
20793
20806
20836
20873
20879
20907
20911
20956
20959
20975
21050
21060
21074
21078
21104
21166
21179
21201
21266
21280
21299
21309
21322
21333
21334
21335
21338
21422
21457
21466
21500
21512
21557
21565
21571
21604
21686
21692
21697
21718
21739
21741
21821
21835
21852
21868
21879
21895
21898
21914
21918
21937
21952
21991
21994
22024
22074
22083
22114
22120
22121
22205
22260
22274
22322
22332
22376
22401
22416
22430
22448
22499
22515
22561
22605
22663
22691
22692
22699
22708
22724
22741
22743
22744
22768
22792
22793
22846
22855
22879
22918
22957
22979
23077
23092
23110
23205
23209
23221
23334
23352
23369
23394
23417
23432
23516
23518
23587
23598
23636
23647
23712
23714
23720
23825
23885
23889
23960
23979
23993
23998
24098
24108
24117
24192
24208
24229
24230
24232
24238
24245
24255
24312
24320
24326
24343
24353
24377
24413
24415
24480
24483
24530
24569
24587
24598
24652
24668
24699
24742
24781
24824
24845
24857
24864
24907
24959
24965
24979
25035
25039
25050
25107
25125
25151
25165
25191
25224
25236
25267
25308
25312
25382
25422
25439
25454
25471
25503
25510
25554
25561
25612
25628
25638
25668
25671
25691
25703
25742
25756
25814
25875
25886
25894
25909
25912
25915
25949
25975
25994
26006
26102
26105
26115
26131
26151
26154
26160
26281
26313
26371
26381
26411
26476
26525
26536
26538
26553
26555
26595
26615
26616
26632
26663
26703
26726
26754
26758
26759
26781
26788
26823
26829
26856
26861
26879
26911
26926
26940
26947
26953
26975
26980
27030
27031
27066
27080
27084
27096
27109
27131
27142
27158
27165
27170
27172
27180
27281
27313
27319
27321
27343
27354
27359
27365
27389
27398
27400
27484
27491
27502
27539
27546
27555
27607
27615
27624
27642
27652
27653
27691
27708
27726
27765
27800
27852
27866
27894
27898
27916
27946
27955
27965
27975
27988
27995
27996
28066
28077
28092
28163
28202
28204
28224
28309
28319
28335
28355
28439
28460
28474
28505
28520
28538
28562
28565
28570
28577
28580
28583
28588
28589
28626
28654
28664
28685
28700
28707
28730
28736
28749
28779
28800
28802
28809
28817
28820
28855
28882
28904
28908
28941
29028
29033
29057
29068
29127
29128
29143
29196
29211
29213
29215
29224
29228
29234
29272
29295
29313
29335
29388
29390
29404
29423
29442
29453
29493
29497
29531
29548
29555
29566
29570
29598
29628
29660
29661
29679
29711
29714
29733
29744
29826
29835
29886
29908
29912
29949
29963
29970
29975
29977
29987
30096
30203
30266
30285
30301
30311
30331
30333
30336
30343
30370
30373
30419
30440
30472
30479
30499
30513
30516
30543
30556
30566
30569
30573
30595
30654
30664
30739
30754
30779
30811
30828
30830
30901
30918
30925
30944
30984
30997
31002
31048
31101
31107
31128
31136
31138
31216
31225
31248
31256
31278
31298
31315
31339
31391
31418
31429
31438
31471
31485
31512
31514
31516
31526
31549
31552
31560
31563
31574
31575
31599
31697
31703
31720
31754
31756
31768
31841
31845
31853
31883
31891
31893
31914
31917
31940
31943
31944
31949
31971
32021
32027
32042
32050
32053
32082
32088
32100
32115
32135
32136
32144
32149
32151
32153
32172
32176
32177
32187
32220
32237
32255
32257
32265
32331
32388
32405
32409
32410
32422
32451
32454
32456
32464
32485
32508
32512
32516
32528
32533
32551
32581
32606
32650
32660
32662
32675
32700
32702
32718
32731
32741
32854
32874
32910
32911
32921
32991
33011
33032
33070
33083
33262
33274
33289
33306
33311
33350
33376
33390
33404
33410
33430
33492
33546
33673
33701
33787
33831
33838
33883
33947
33998
33999
34004
34053
34123
34278
34296
34310
34321
34334
34351
34352
34361
34365
34388
34398
34429
34491
34504
34535
34551
34553
34559
34560
34566
34567
34634
34650
34664
34704
34715
34717
34727
34730
34735
34738
34743
34744
34749
34752
34856
34882
34919
34928
34932
34937
34940
34951
34973
34987
34989
35003
35005
35016
35036
35056
35057
35064
35079
35112
35135
35143
35150
35151
35156
35167
35168
35183
35209
35252
35279
35282
35314
35372
35380
35397
35400
35423
35453
35496
35542
35593
35620
35722
35727
35730
35734
35746
35749
35774
35797
35798
35802
35900
35905
35913
35920
35945
35946
35955
35961
36049
36050
36057
36063
36079
36103
36106
36110
36116
36118
36121
36123
36125
36127
36134
36139
36148
36172
36206
36209
36216
36244
36265
36281
36289
36303
36304
36305
36344
36345
36348
36351
36385
36387
36394
36396
36432
36444
36447
36516
36520
36521
36555
36556
36563
36566
36635
36694
36795
36814
36826
36839
36919
36928
36929
36963
36995
37047
37057
37073
37100
37120
37135
37153
37154
37186
37203
37229
37250
37269
37289
37291
37292
37322
37334
37345
37349
37367
37368
37387
37417
37446
37464
37486
37502
37507
37560
37583
37595
37624
37640
37672
37714
37733
37750
37770
37772
37775
37783
37789
37791
37794
37798
37807
37812
37821
37850
37859
37874
37924
37927
37932
37936
37941
37988
37990
38011
38027
38060
38070
38076
38077
38088
38113
38114
38122
38136
38139
38140
38141
38144
38148
38169
38176
38188
38224
38260
38275
38314
38315
38443
38462
38465
38466
38479
38485
38497
38501
38503
38506
38511
38543
38546
38549
38580
38588
38590
38610
38611
38612
38613
38614
38619
38620
38635
38639
38642
38658
38660
38666
38669
38675
38690
38743
38757
38770
38811
38825
38835
38846
38855
38858
38865
38872
38882
38884
38903
38920
38922
38941
38975
38986
38994
39001
39006
39024
39034
39042
39074
39076
39083
39088
39092
39098
39106
39119
39121
39137
39159
39161
39171
39173
39178
39204
39212
39232
39242
39251
39252
39253
39266
39267
39277
39278
39284
39287
39302
39311
39313
39318
39328
39331
39333
39356
39373
39379
39384
39386
39387
39392
39406
39412
39460
39461
39505
39515
39553
39568
39574
39673
39676
39696
39700
39708
39711
39730
39850
39902
39947
39958
39984
39988
40016
40027
40032
40043
40044
40046
40047
40052
40067
40068
40086
40101
40112
40113
40114
40116
40119
40120
40121
40123
40124
40128
40140
40141
40145
40155
40172
40174
40181
40185
40194
40197
40210
40214
40219
40221
40229
40230
40236
40245
40276
40290
40306
40328
40334
40366
40367
40372
40375
40377
40378
40386
40387
40388
40397
40405
40410
40428
40430
40440
40444
40456
40459
40469
40484
40488
40495
40507
40524
40526
40537
40544
40546
40553
40558
40566
40572
40573
40574
40576
40581
40592
40605
40609
40612
40638
40640
40643
40648
40649
40651
40671
40673
40684
40700
40709
40713
40718
40730
40743
40751
40752
40753
40754
40759
40780
40781
40808
40810
40813
40818
40824
40829
40841
40855
40864
40865
40875
40885
40889
41067
41146
41246
41249
41254
41255
41264
41270
41271
41272
41273
41278
41280
41282
41295
41297
41303
41306
41316
41318
41326
41334
41352
41355
41365
41370
41374
41376
41404
41405
41408
41437
41439
41446
41447
41449
41463
41468
41469
41480
41481
41513
41525
41530
41541
41588
41589
41608
41609
41610
41626
41635
41639
41641
41645
41651
41654
41661
41665
41716
41723
41743
41744
41746
41753
41754
41757
41767
41771
41781
41791
41806
41807
41809
41812
41814
41826
41839
41844
41849
41878
41887
41896
41904
41905
41906
41907
41920
41922
41926
41935
41937
41961
41967
41980
41998
42001
42005
42011
42012
42027
42035
42042
42074
42086
42102
42146
42177
42178
42184
42209
42216
42217
42218
42219
42225
42227
42237
42238
42245
42248
42251
42262
42266
42267
42278
42288
42313
42322
42338
42340
42350
42365
42382
42424
42469
42508
42536
42538
42558
42576
42597
42611
42620
42628
42640
42663
42681
42685
42689
42704
42712
42715
42720
42728
42736
42742
42747
42752
42758
42759
42764
42783
42795
42797
42800
42828
42836
42858
42866
42873
42882
42885
42888
42904
42909
42918
42932
42935
42937
42954
42957
42974
42995
42998
43020
43035
43115
43121
43134
43153
43241
43281
43283
43287
43292
43299
43320
43323
43329
43338
43346
43351
43354
43364
43365
43366
43370
43384
43436
43444
43455
43487
43491
43498
43499
43500
43532
43544
43556
43557
43563
43577
43580
43612
43626
43629
43634
43649
43654
43657
43687
43690
43691
43693
43694
43696
43699
43702
43704
43717
43734
43766
43779
43801
43812
43820
43847
43867
43880
43883
43892
43894
43903
43904
43920
43989
44002
44010
44031
44035
44043
44056
44079
44084
44110
44126
44144
44156
44166
44251
44256
44278
44289
44296
44308
44309
44311
44314
44320
44326
44331
44336
44350
44353
44357
44361
44370
44371
44382
44388
44396
44397
44405
44406
44419
44423
44424
44434
44456
44457
44464
44468
44496
44501
44513
44529
44544
44546
44560
44567
44581
44600
44601
44609
44612
44616
44617
44639
44643
44647
44676
44699
44701
44727
44779
44784
44802
44818
44830
44833
44907
44935
44941
44958
44992
45019
45022
45023
45028
45044
45055
45056
45059
45074
45075
45095
45097
45111
45122
45123
45127
45154
45169
45172
45203
45234
45237
45273
45279
45286
45288
45300
45306
45314
45319
45333
45341
45362
45376
45380
45387
45390
45395
45396
45398
45399
45405
45415
45427
45432
45436
45451
45452
45470
45565
45571
45576
45604
45642
45659
45803
45822
45828
45829
45833
45836
45846
45874
45892
45937
45939
45940
45947
45950
45952
45954
45955
45977
45979
46009
46013
46017
46019
46030
46032
46048
46056
46059
46064
46075
46086
46158
46171
46181
46194
46205
46210
46226
46261
46264
46265
46266
46294
46295
46296
46328
46337
46354
46367
46376
46379
46382
46386
46387
46407
46415
46416
46424
46434
46440
46446
46460
46503
46587
46609
46614
46618
46634
46640
46655
46657
46670
46672
46701
46725
46733
46737
46740
46753
46760
46763
46771
46782
46801
46838
46848
46850
46868
46895
46896
46906
46921
46939
46953
46956
46962
46974
46993
47011
47019
47021
47029
47030
47034
47035
47045
47048
47101
47125
47168
47185
47219
47230
47282
47364
47368
47369
47370
47381
47389
47403
47407
47408
47409
47419
47427
47435
47441
47446
47450
47462
47467
47469
47470
47471
47475
47478
47499
47521
47534
47556
47558
47572
47579
47582
47583
47588
47595
47611
47614
47623
47644
47650
47651
47699
47754
47765
47766
47768
47773
47774
47803
47814
47830
47831
47844
47857
47867
47871
47905
47910
47911
47913
47921
47923
47941
47950
47959
47972
47975
47976
47986
47987
47995
48007
48009
48022
48047
48064
48067
48071
48101
48105
48109
48113
48126
48135
48139
48141
48143
48149
48150
48157
48165
48171
48175
48181
48189
48190
48205
48211
48216
48228
48234
48237
48243
48244
48266
48284
48359
48372
48437
48596
48599
48661
48675
48960
49408
49412
49443
49460
49476
49482
49533
49545
49547
49570
49602
49609
49661
49698
49699
49724
49758
49798
49829
49830
49846
49854
49855
49905
49909
49983
49999
50048
50060
50180
50257
50278
50330
50355
50405
50412
50483
50506
50553
50562
50591
50605
50633
50653
50732
50855
50961
51012
51097
51110
51120
51143
51241
51242
51292
51466
51597
51680
51713
51764
51798
51840
51902
51928
52025
52168
52188
52232
52282
52298
52329
52356
52427
52521
52524
52631
52794
52837
52839
52889
52960
52971
52990
53018
53098
53177
53366
53401
53467
53635
53730
53820
53823
53856
53918
54020
54053
54069
54113
54137
54162
54491
54572
54596
54604
54681
54689
54738
54757
54814
54837
54948
54951
54967
55019
55164
55206
55579
55594
55783
55869
55961
56065
56085
56117
56123
56162
56290
56626
56666
56780
56907
56924
56963
57089
57124
57142
57165
57294
57330
57486
57631
57644
57654
57687
57708
57744
57761
57812
57824
57830
57856
57863
57867
57868
57870
57896
57917
57998
58000
58018
58022
58030
58070
58105
58177
58235
58360
58365
58368
58372
58384
58386
58388
58400
58412
58468
58494
58496
58569
58606
58613
58657
58676
58691
58705
58757
58768
58775
58807
58823
58847
59037
59090
59094
59102
59118
59144
59148
59172
59196
59203
59234
59242
59250
59273
59279
59289
59298
59309
59313
59321
59330
59352
59355
59374
59388
59447
59561
59621
59664
59667
59674
59689
59799
59826
59836
59858
59861
59918
59932
59952
59964
59974
60056
60060
60103
60104
60130
60134
60155
60162
60173
60175
60200
60270
60300
60338
60361
60362
60463
60492
60501
60572
60588
60613
60636
60646
60667
60700
60713
60757
60766
60768
60778
60786
60808
60874
60977
60993
61111
61238
61274
61389
61476
61494
61604
61610
61766
61864
61872
61874
61881
61890
61903
61912
61920
61941
61947
61951
61967
61977
62000
62005
62015
62043
62050
62083
62169
62223
62227
62235
62302
62307
62310
62329
62332
62423
62428
62430
62431
62483
62500
62503
62507
62510
62530
62545
62557
62562
62583
62607
62629
62634
62639
62640
62658
62674
62685
62714
62739
62781
62811
62825
62829
62844
62972
62974
63028
63048
63068
63096
63109
63117
63120
63124
63148
63151
63152
63159
63163
63182
63210
63238
63256
63353
63393
63515
63520
63543
63586
63592
63679
63692
63699
63711
63747
63769
63811
63827
63885
63900
63931
63951
63956
64046
64066
64085
64091
64098
64109
64115
64123
64125
64140
64156
64163
64175
64199
64206
64208
64222
64265
64277
64285
64387
64417
64447
64456
64459
64488
64492
64501
64508
64509
64546
64569
64607
64616
64639
64699
64700
64709
64718
64751
64765
64785
64797
64798
64812
64836
64862
64896
64907
64957
64968
65017
65023
65055
65073
65150
65161
65175
65224
65250
65269
65272
65281
65291
65295
65343
65353
65355
65379
65381
65521
65540
65612
65706
65722
65723
65724
65730
65732
65739
65746
65754
65762
65773
65778
65788
65789
65802
65804
65813
65815
65838
65857
65859
65885
65893
65908
65946
65953
65957
65981
65983
65990
65992
66000
66005
66027
66059
66060
66067
66086
66120
66184
66194
66202
66240
66298
66341
66378
66410
66419
66430
66449
66471
66539
66560
66569
66573
66576
66586
66588
66623
66700
66727
66760
66788
66813
66831
66844
66860
66907
66948
66985
66993
67030
67064
67075
67145
67175
67198
67223
67257
67288
67324
67329
67333
67355
67358
67370
67392
67397
67493
67515
67520
67543
67554
67566
67588
67589
67590
67591
67624
67626
67631
67638
67651
67658
67687
67690
67691
67715
67729
67730
67736
67755
67769
67789
67820
67824
67829
67841
67856
67866
67870
67873
67880
67911
67919
67945
67955
67962
67965
68012
68022
68035
68036
68063
68106
68115
68116
68124
68140
68150
68156
68158
68169
68225
68230
68253
68270
68278
68293
68295
68302
68325
68385
68408
68429
68439
68440
68446
68453
68498
68506
68513
68536
68538
68542
68563
68575
68580
68587
68603
68618
68625
68628
68632
68650
68655
68656
68674
68704
68721
68729
68738
68750
68790
68810
68817
68818
68823
68838
68858
68883
68902
68954
68964
68968
69058
69081
69096
69127
69140
69150
69170
69182
69204
69213
69234
69240
69249
69276
69277
69280
69287
69294
69302
69317
69331
69382
69396
69408
69423
69426
69482
69546
69550
69572
69577
69585
69602
69622
69654
69672
69674
69675
69697
69714
69715
69731
69775
69790
69838
69881
69887
69925
69943
69991
70029
70043
70139
70155
70181
70189
70212
70236
70244
70267
70281
70296
70422
70475
70483
70485
70492
70499
70525
70564
70565
70591
70605
70667
70719
70740
70747
70754
70765
70800
70841
70892
70902
70915
70918
70943
70947
71004
71029
71043
71047
71073
71080
71084
71096
71128
71137
71154
71212
71263
71278
71357
71385
71404
71408
71424
71499
71500
71551
71596
71601
71631
71644
71655
71657
71707
71713
71769
71820
71824
71828
71867
71874
71893
71908
71959
71980
72023
72038
72046
72060
72068
72075
72093
72099
72103
72106
72108
72109
72114
72176
72179
72218
72221
72252
72310
72336
72635
72686
72711
72772
72878
72890
72922
72940
73099
73189
73234
73389
73393
73409
73565
73650
73677
73723
73807
73961
73986
74011
74017
74021
74026
74043
74124
74232
74267
74273
74296
74450
74457
74472
74479
74486
74522
74539
74548
74550
74602
74615
74630
74657
74758
74780
74821
74868
74901
74969
74980
74987
74990
75123
75152
75226
75251
75267
75268
75277
75285
75301
75320
75426
75442
75501
75521
75607
75608
75643
75712
75720
75769
75771
75777
75786
75860
75908
75926
76056
76078
76146
76149
76151
76163
76200
76203
76237
76258
76295
76309
76314
76328
76336
76352
76405
76459
76609
76633
76636
76655
76697
76705
76718
76751
76764
76777
76787
76818
76857
76870
76876
76888
76889
76915
76955
76971
76981
76986
77000
77003
77061
77062
77089
77189
77250
77254
77272
77326
77340
77355
77407
77465
77528
77537
77715
77732
77767
77783
77801
77831
77894
78007
78065
78069
78091
78092
78126
78134
78162
78173
78205
78208
78239
78244
78247
78254
78255
78261
78329
78331
78346
78359
78366
78387
78523
78589
78604
78622
78634
78641
78653
78682
78683
78721
78743
78746
78860
78899
78902
78922
78928
79019
79038
79047
79057
79064
79112
79125
79144
79170
79172
79182
79186
79192
79208
79222
79241
79261
79282
79285
79303
79328
79345
79349
79360
79377
79398
79457
79462
79476
79518
79531
79585
79589
79597
79606
79611
79612
79615
79619
79644
79650
79685
79687
79719
79753
79771
79784
79825
79836
79860
79874
79931
79937
79949
80060
80073
80141
80176
80191
80197
80212
80219
80229
80233
80242
80249
80274
80305
80319
80325
80343
80367
80378
80393
80394
80427
80434
80445
80459
80527
80549
80570
80572
80574
80577
80649
80685
80695
80709
80712
80745
80747
80767
80784
80785
80815
80816
80817
80851
80863
80885
80954
80963
81000
81001
81026
81075
81093
81113
81114
81120
81137
81143
81153
81176
81177
81214
81250
81255
81259
81265
81267
81278
81289
81293
81345
81355
81363
81393
81401
81408
81430
81440
81441
81444
81450
81463
81465
81473
81488
81522
81524
81547
81548
81553
81573
81614
81629
81643
81645
81646
81647
81663
81675
81721
81744
81801
81827
81839
81841
81862
81887
81890
81900
81918
81924
81926
81939
81964
82046
82073
82146
82164
82170
82171
82248
82337
82352
82378
82387
82395
82439
82468
82500
82505
82522
82647
82715
82717
82789
82811
82852
82951
82965
82999
83000
83018
83027
83033
83041
83053
83067
83082
83099
83110
83121
83125
83140
83163
83165
83174
83181
83186
83191
83206
83221
83222
83235
83257
83259
83260
83272
83285
83302
83310
83314
83333
83340
83349
83362
83363
83366
83370
83372
83375
83377
83379
83380
83381
83382
83387
83390
83392
83393
83395
83399
83402
83406
83408
83409
83411
83414
83415
83417
83430
83433
83434
83448
83453
83454
83455
83457
83474
83480
83481
83482
83491
83492
83496
83497
83502
83506
83510
83511
83516
83519
83521
83522
83523
83530
83532
83537
83545
83552
83555
83556
83560
83563
83564
83569
83579
83586
83591
83604
83619
83628
83629
83631
83632
83643
83644
83646
83649
83653
83654
83660
83670
83672
83680
83682
83699
83709
83717
83722
83728
83743
83752
83761
83767
83773
83775
83776
83782
83796
83802
83804
83808
83813
83836
83838
83843
83851
83853
83855
83859
83867
83869
83871
83872
83878
83883
83892
83897
83902
83904
83919
83926
83932
83943
83952
83953
83957
83967
83971
83979
83981
83985
83988
83999
84000
84004
84007
84011
84012
84015
84041
84046
84050
84055
84058
84062
84064
84066
84080
84090
84096
84099
84107
84114
84117
84119
84128
84130
84133
84158
84166
84179
84183
84186
84193
84201
84212
84218
84257
84259
84265
84268
84269
84285
84305
84309
84310
84318
84323
84335
84338
84343
84353
84355
84370
84375
84379
84389
84391
84399
84406
84423
84425
84429
84450
84470
84495
84504
84515
84516
84517
84518
84530
84532
84534
84537
84550
84555
84563
84567
84568
84577
84586
84603
84607
84630
84637
84639
84641
84642
84645
84646
84650
84667
84688
84705
84706
84713
84718
84729
84736
84742
84762
84779
84786
84789
84817
84857
84860
84870
84884
84895
84905
84907
84908
84911
84931
84959
84963
84964
84999
85017
85033
85036
85038
85053
85091
85096
85105
85120
85130
85131
85133
85140
85143
85149
85165
85178
85181
85182
85184
85199
85208
85213
85223
85252
85254
85258
85279
85280
85311
85325
85405
85410
85453
85470
85482
85499
85551
85553
85560
85565
85571
85581
85604
85613
85614
85634
85674
85675
85695
85712
85723
85751
85753
85766
85786
85794
85802
85804
85859
85904
85923
85960
85977
85993
85996
86004
86008
86015
86018
86023
86028
86030
86039
86045
86080
86090
86092
86109
86116
86139
86143
86152
86155
86161
86197
86202
86205
86215
86222
86227
86232
86244
86251
86260
86273
86305
86315
86326
86329
86330
86354
86365
86391
86394
86402
86435
86441
86452
86457
86461
86476
86489
86496
86508
86512
86513
86530
86539
86561
86573
86580
86593
86596
86598
86609
86611
86617
86630
86668
86689
86705
86707
86711
86719
86722
86725
86726
86771
86772
86805
86806
86811
86822
86831
86833
86834
86849
86864
86869
86873
86874
86912
86924
86943
86961
86963
86977
86983
86991
87005
87014
87016
87017
87018
87031
87037
87042
87050
87058
87080
87090
87091
87096
87133
87148
87156
87190
87200
87208
87210
87213
87230
87235
87259
87269
87271
87277
87295
87296
87301
87319
87320
87337
87379
87391
87395
87399
87406
87416
87417
87422
87425
87427
87436
87438
87453
87485
87486
87488
87494
87495
87504
87512
87522
87587
87594
87620
87705
87713
87753
87770
87782
87806
87808
87811
87812
87813
87822
87828
87853
87862
87867
87872
87883
87902
87922
87954
87965
87981
87992
87997
88000
88023
88024
88039
88060
88073
88075
88082
88090
88091
88096
88123
88137
88144
88179
88189
88196
88212
88215
88218
88224
88234
88236
88257
88279
88297
88298
88300
88325
88344
88354
88369
88377
88384
88424
88430
88436
88441
88455
88460
88472
88488
88495
88504
88523
88525
88560
88621
88629
88638
88646
88667
88674
88686
88688
88691
88694
88728
88732
88736
88748
88773
88781
88806
88829
88854
88874
88885
88889
88895
88896
88911
88926
88940
88941
88949
89000
89026
89076
89097
89128
89146
89152
89158
89163
89169
89190
89191
89201
89217
89221
89222
89238
89240
89251
89294
89296
89298
89328
89349
89353
89356
89362
89380
89385
89389
89392
89403
89406
89409
89418
89423
89432
89440
89441
89450
89451
89456
89484
89488
89501
89527
89537
89554
89562
89584
89618
89655
89672
89691
89705
89731
89734
89760
89767
89779
89784
89791
89810
89827
89828
89845
89848
89856
89863
89883
89884
89901
89907
89936
89937
89943
89951
89960
90045
90081
90091
90095
90109
90167
90209
90224
90236
90237
90242
90258
90277
90296
90357
90381
90387
90404
90419
90428
90449
90499
90542
90543
90546
90548
90559
90560
90575
90605
90636
90642
90666
90721
90725
90730
90738
90742
90747
90748
90771
90850
90997
91000
91003
91004
91005
91019
91027
91030
91035
91041
91045
91050
91058
91093
91101
91103
91110
91145
91166
91170
91174
91177
91187
91205
91217
91226
91234
91242
91252
91272
91286
91287
91291
91292
91300
91301
91318
91324
91327
91328
91375
91379
91396
91401
91402
91403
91416
91420
91428
91429
91446
91447
91453
91461
91465
91473
91496
91532
91545
91546
91548
91575
91577
91578
91579
91594
91595
91602
91607
91614
91619
91633
91636
91640
91641
91649
91659
91676
91682
91686
91698
91699
91732
91733
91738
91739
91743
91760
91764
91799
91808
91827
91854
91862
91865
91870
91875
91891
91892
91898
91915
91942
91943
91951
91953
91957
91990
91993
92008
92014
92032
92091
92098
92144
92146
92152
92165
92170
92183
92189
92202
92239
92265
92267
92276
92311
92319
92320
92324
92328
92329
92333
92337
92339
92343
92368
92376
92383
92388
92389
92390
92404
92406
92410
92414
92419
92433
92445
92470
92472
92488
92494
92495
92500
92503
92504
92521
92525
92526
92534
92566
92582
92595
92612
92613
92627
92657
92673
92707
92709
92712
92732
92733
92743
92748
92769
92789
92808
92809
92816
92841
92849
92855
92875
92883
92888
92891
92930
92939
92940
92948
92961
92967
92982
92983
92998
93014
93015
93019
93033
93055
93061
93062
93063
93067
93074
93078
93095
93106
93119
93158
93164
93228
93244
93245
93266
93278
93301
93305
93317
93322
93323
93334
93339
93357
93403
93406
93423
93468
93508
93510
93521
93544
93553
93565
93584
93627
93665
93701
93706
93732
93741
93762
93778
93799
93821
93825
93846
93859
93939
93945
93947
93959
93972
94105
94121
94169
94247
94268
94269
94279
94288
94296
94298
94303
94307
94308
94309
94311
94316
94337
94343
94365
94371
94382
94395
94396
94419
94426
94429
94447
94454
94472
94479
94486
94490
94496
94511
94524
94531
94551
94553
94555
94557
94559
94565
94571
94575
94590
94623
94628
94647
94661
94666
94671
94675
94678
94682
94686
94695
94715
94718
94729
94736
94781
94786
94789
94818
94822
94825
94832
94833
94843
94844
94870
94905
94910
94911
94922
94965
94966
94969
95018
95023
95045
95054
95066
95077
95079
95096
95105
95106
95118
95121
95127
95132
95139
95146
95150
95157
95167
95177
95182
95184
95188
95201
95206
95218
95251
95254
95260
95266
95280
95290
95302
95312
95314
95321
95329
95330
95337
95348
95349
95355
95360
95366
95369
95387
95388
95393
95395
95408
95411
95423
95431
95448
95458
95459
95481
95489
95500
95501
95509
95517
95519
95520
95523
95532
95534
95538
95552
95563
95574
95595
95602
95610
95616
95633
95637
95646
95650
95651
95654
95660
95662
95678
95682
95689
95694
95695
95700
95707
95714
95719
95720
95723
95726
95731
95736
95742
95743
95751
95757
95758
95761
95774
95780
95787
95795
95796
95798
95804
95809
95830
95841
95853
95854
95863
95864
95867
95868
95879
95881
95883
95912
95913
95923
95933
95935
95936
95954
95958
95994
95996
96017
96027
96035
96045
96067
96074
96081
96093
96102
96142
96170
96182
96191
96210
96223
96229
96232
96240
96271
96294
96323
96324
96328
96332
96365
96379
96510
96515
96523
96546
96553
96561
96575
96614
96616
96625
96641
96655
96657
96666
96667
96669
96692
96693
96696
96698
96700
96702
96715
96716
96733
96758
96839
96849
96862
96863
96864
96868
96873
96875
96886
96899
96903
96904
96905
96909
96921
96942
96971
96979
97002
97009
97014
97020
97026
97028
97038
97046
97084
97104
97109
97111
97134
97146
97148
97165
97169
97173
97179
97196
97201
97213
97214
97222
97228
97242
97244
97245
97263
97266
97279
97281
97282
97287
97302
97308
97311
97313
97314
97322
97335
97337
97342
97355
97382
97394
97399
97430
97433
97447
97449
97456
97465
97466
97471
97482
97488
97493
97513
97529
97563
97565
97572
97573
97577
97586
97599
97603
97605
97617
97618
97619
97623
97628
97643
97644
97652
97679
97685
97721
97740
97802
97821
97843
97844
97846
97861
97890
97894
97935
97936
97965
97980
98025
98063
98066
98075
98077
98079
98087
98096
98108
98109
98114
98123
98125
98133
98140
98146
98151
98152
98154
98156
98157
98165
98189
98194
98203
98207
98221
98227
98236
98256
98259
98273
98286
98304
98305
98323
98329
98337
98346
98347
98353
98357
98360
98363
98366
98368
98372
98381
98406
98427
98442
98449
98465
98481
98513
98519
98538
98546
98557
98568
98577
98579
98581
98584
98591
98592
98601
98604
98609
98617
98625
98629
98632
98641
98644
98645
98650
98665
98668
98676
98677
98689
98698
98708
98709
98714
98716
98720
98729
98731
98757
98763
98771
98774
98782
98788
98804
98816
98839
98849
98852
98856
98860
98871
98874
98886
98893
98896
98908
98913
98919
98921
98925
98927
98931
98958
98969
98999
99002
99070
99093
99109
99128
99151
99154
99177
99181
99205
99260
99289
99293
99311
99313
99315
99322
99325
99329
99337
99339
99342
99343
99361
99365
99366
99379
99390
99406
99414
99425
99443
99452
99458
99461
99483
99487
99488
99496
99505
99526
99538
99543
99557
99570
99585
99593
99594
99597
99613
99617
99621
99631
99637
99640
99648
99657
99666
99674
99682
99690
99693
99730
99733
99746
99751
99752
99753
99756
99771
99777
99794
99798
99799
99816
99831
99846
99848
99858
99873
99876
99904
99911
99914
99916
99921
99932
99934
99941
99953
99962
99965
99971
100003
100006
100021
100023
100027
100030
100032
100036
100043
100045
100048
100063
100118
100135
100148
100155
100162
100172
100188
100201
100216
100219
100231
100237
100242
100250
100261
100267
100280
100287
100289
100297
100303
100304
100345
100352
100359
100366
100374
100376
100382
100384
100401
100411
100412
100414
100425
100428
100435
100439
100449
100453
100465
100479
100498
100529
100551
100558
100567
100568
100578
100591
100592
100613
100617
100644
100662
100677
100683
100684
100689
100699
100711
100738
100747
100749
100762
100771
100781
100829
100832
100853
100881
100889
100903
100912
100923
100970
100981
100983
100993
101003
101006
101018
101037
101042
101076
101100
101102
101103
101128
101142
101153
101161
101165
101167
101188
101189
101192
101214
101217
101228
101232
101233
101239
101250
101255
101260
101264
101266
101272
101273
101291
101300
101302
101305
101306
101318
101319
101322
101336
101337
101346
101358
101370
101390
101397
101398
101406
101429
101432
101433
101442
101448
101455
101456
101473
101474
101491
101492
101495
101511
101528
101542
101564
101575
101588
101595
101616
101619
101621
101630
101639
101643
101647
101660
101674
101675
101686
101702
101707
101709
101710
101716
101735
101745
101760
101762
101770
101784
101786
101818
101820
101823
101825
101867
101872
101883
101899
101900
101907
101911
101915
101929
101934
101966
101991
102000
102007
102013
102020
102025
102033
102047
102063
102101
102111
102127
102128
102137
102142
102145
102154
102157
102172
102181
102190
102196
102203
102207
102277
102300
102302
102355
102524
102544
102547
102548
102554
102557
102560
102629
102633
102646
102653
102655
102657
102662
102678
102702
102707
102716
102720
102722
102723
102726
102738
102745
102750
102751
102756
102820
102831
102837
102841
102866
102869
102875
102883
102884
102886
102888
102901
102904
102922
102927
102944
102952
102957
102965
102976
102982
102984
102987
102988
102997
102998
103010
103023
103029
103050
103059
103066
103069
103074
103084
103095
103116
103126
103147
103191
103199
103205
103212
103239
103314
103315
103320
103355
103357
103363
103374
103380
103401
103402
103406
103411
103415
103430
103431
103434
103443
103447
103459
103468
103485
103488
103502
103507
103508
103526
103528
103529
103533
103535
103546
103562
103576
103587
103602
103613
103616
103638
103640
103687
103693
103709
103720
103729
103730
103732
103743
103749
103756
103768
103775
103797
103810
103826
103834
103850
103857
103865
103884
103892
103895
103914
103919
103920
103924
103931
103935
103944
103949
103955
103957
103960
103966
103993
104049
104052
104063
104065
104088
104090
104106
104113
104120
104123
104124
104125
104147
104150
104169
104173
104174
104181
104184
104187
104191
104215
104216
104223
104225
104226
104244
104247
104248
104251
104252
104255
104265
104268
104276
104294
104297
104322
104329
104340
104343
104352
104355
104357
104366
104374
104381
104384
104460
104486
104504
104518
104520
104521
104524
104550
104563
104566
104569
104584
104599
104608
104619
104634
104637
104647
104648
104649
104657
104666
104670
104678
104691
104709
104710
104712
104714
104726
104729
104756
104761
104774
104795
104804
104822
104835
104840
104863
104890
104918
104941
104976
104986
105033
105039
105053
105054
105083
105122
105137
105153
105154
105161
105190
105251
105285
105376
105383
105396
105399
105404
105422
105425
105427
105433
105436
105437
105453
105454
105455
105462
105475
105535
105537
105544
105548
105553
105555
105556
105570
105575
105584
105589
105598
105601
105605
105606
105613
105648
105658
105660
105674
105687
105712
105715
105722
105723
105751
105757
105803
105807
105827
105832
105840
105856
105885
105899
105911
105912
105926
105929
105972
105980
106001
106032
106036
106047
106050
106068
106070
106072
106088
106117
106125
106157
106204
106208
106210
106211
106218
106246
106255
106258
106261
106268
106275
106279
106292
106295
106302
106309
106313
106316
106333
106334
106342
106356
106361
106368
106378
106379
106384
106392
106399
106405
106409
106420
106425
106426
106432
106433
106458
106461
106462
106471
106473
106476
106482
106486
106502
106506
106512
106526
106534
106535
106536
106539
106544
106557
106568
106579
106584
106585
106591
106594
106595
106621
106624
106627
106636
106646
106647
106653
106661
106666
106671
106675
106680
106681
106684
106686
106690
106706
106712
106721
106734
106737
106739
106741
106780
106800
106804
106807
106814
106825
106849
106851
106863
106872
106895
106900
106905
106930
106932
106957
106987
107014
107017
107020
107023
107033
107034
107036
107040
107053
107073
107077
107080
107094
107098
107102
107122
107173
107179
107190
107192
107197
107205
107210
107222
107237
107242
107263
107269
107306
107327
107343
107505
107509
107514
107515
107519
107527
107536
107545
107552
107556
107557
107574
107579
107600
107606
107622
107639
107644
107649
107658
107662
107670
107690
107692
107700
107716
107720
107724
107725
107729
107732
107744
107750
107752
107774
107782
107795
107807
107814
107827
107837
107843
107873
107875
107881
107887
107899
107900
107901
107914
107916
107918
107937
107940
107976
107980
107988
108011
108012
108018
108019
108028
108033
108035
108042
108083
108086
108100
108112
108118
108126
108189
108203
108222
108236
108243
108245
108254
108275
108283
108299
108304
108307
108323
108325
108327
108335
108337
108362
108365
108366
108375
108385
108389
108397
108404
108409
108412
108427
108440
108443
108444
108450
108454
108489
108496
108509
108515
108517
108519
108540
108550
108558
108564
108568
108581
108582
108595
108597
108603
108610
108618
108628
108638
108674
108684
108686
108689
108695
108696
108708
108714
108721
108724
108725
108739
108750
108760
108761
108772
108773
108779
108780
108786
108795
108796
108798
108803
108815
108819
108848
108857
108866
108868
108902
108907
108913
108919
108925
108933
108953
108970
108981
108991
109009
109011
109049
109062
109063
109092
109106
109147
109158
109169
109170
109209
109218
109219
109235
109244
109250
109253
109286
109287
109294
109295
109316
109322
109329
109349
109363
109367
109382
109402
109412
109421
109422
109439
109486
109488
109511
109527
109535
109565
109585
109640
109649
109658
109666
109668
109681
109682
109697
109702
109704
109709
109715
109719
109733
109752
109791
109798
109805
109977
109985
109986
109991
110005
110007
110011
110014
110022
110039
110060
110070
110074
110083
110091
110122
110124
110159
110163
110180
110212
110215
110218
110220
110258
110289
110296
110317
110331
110340
110354
110359
110366
110379
110383
110392
110412
110413
110414
110440
110443
110447
110458
110468
110477
110481
110486
110498
110517
110547
110559
110571
110592
110605
110609
110614
110620
110629
110631
110652
110655
110665
110667
110682
110702
110718
110738
110747
110750
110771
110773
110787
110788
110792
110800
110802
110808
110818
110853
110871
110897
110910
110944
110953
110969
110970
110972
110975
110984
110991
110994
110996
111001
111002
111012
111019
111022
111025
111033
111040
111046
111068
111095
111097
111103
111112
111121
111125
111150
111153
111158
111167
111177
111179
111188
111197
111203
111208
111209
111213
111214
111225
111241
111248
111251
111254
111259
111260
111262
111271
111278
111286
111295
111309
111310
111314
111315
111318
111337
111339
111353
111358
111372
111380
111383
111385
111395
111409
111416
111420
111421
111423
111424
111436
111440
111461
111465
111478
111485
111486
111491
111493
111516
111532
111544
111550
111580
111595
111596
111613
111615
111630
111637
111641
111697
111710
111721
111724
111727
111729
111739
111743
111772
111776
111793
111799
111814
111820
111866
111890
111915
111916
112016
112038
112059
112062
112063
112088
112089
112103
112128
112129
112132
112133
112134
112135
112138
112140
112145
112146
112156
112160
112164
112175
112179
112189
112191
112192
112196
112197
112200
112201
112211
112222
112224
112238
112240
112271
112276
112284
112285
112289
112290
112304
112311
112312
112344
112370
112374
112376
112410
112431
112438
112439
112452
112453
112455
112461
112482
112484
112497
112498
112511
112520
112552
112566
112578
112587
112588
112593
112612
112614
112615
112629
112631
112632
112647
112657
112675
112687
112690
112695
112700
112711
112712
112713
112719
112728
112729
112742
112756
112759
112764
112774
112776
112781
112784
112808
112812
112827
112829
112830
112833
112845
112853
112855
112856
112864
112879
112880
112882
112901
112936
112955
112968
113016
113025
113071
113142
113151
113152
113153
113158
113167
113175
113182
113184
113185
113199
113201
113203
113207
113209
113227
113236
113252
113262
113270
113295
113301
113303
113310
113315
113323
113368
113371
113372
113397
113405
113407
113419
113421
113423
113466
113470
113475
113477
113480
113487
113506
113511
113545
113550
113554
113565
113585
113586
113616
113677
113712
113734
113775
113779
113782
113785
113804
113807
113841
113853
113859
113874
113878
113879
113900
113907
113913
113926
113957
113992
114001
114011
114036
114037
114049
114052
114053
114066
114068
114072
114078
114082
114085
114096
114097
114115
114126
114128
114131
114154
114171
114174
114197
114202
114204
114225
114228
114246
114280
114289
114313
114322
114325
114330
114340
114361
114362
114409
114438
114441
114442
114444
114445
114452
114454
114456
114457
114469
114471
114472
114473
114481
114483
114487
114488
114490
114496
114507
114511
114517
114519
114525
114540
114548
114554
114557
114572
114573
114580
114585
114592
114593
114617
114623
114630
114637
114650
114653
114654
114656
114665
114689
114696
114700
114701
114707
114709
114722
114726
114729
114732
114733
114738
114741
114755
114757
114766
114768
114780
114787
114789
114795
114802
114811
114814
114846
114855
114876
114877
114885
114888
114892
114900
114908
114920
114924
114947
114960
114983
114990
115018
115024
115035
115041
115042
115047
115071
115127
115129
115150
115173
115179
115189
115199
115208
115222
115231
115237
115239
115240
115270
115283
115289
115303
115316
115328
115330
115331
115333
115341
115357
115361
115365
115366
115370
115373
115386
115411
115419
115420
115425
115431
115443
115445
115451
115461
115489
115491
115496
115521
115527
115557
115561
115566
115589
115595
115598
115599
115603
115604
115607
115611
115614
115624
115625
115638
115649
115653
115655
115666
115673
115675
115677
115682
115688
115695
115701
115707
115709
115710
115711
115714
115715
115717
115724
115726
115732
115743
115746
115749
115758
115764
115776
115777
115779
115783
115791
115792
115794
115805
115807
115809
115810
115812
115818
115824
115835
115841
115842
115846
115847
115848
115852
115861
115877
115878
115882
115900
115903
115904
115905
115909
115927
115954
115971
115987
116010
116028
116047
116048
116054
116076
116078
116090
116093
116097
116101
116119
116152
116164
116168
116180
116187
116192
116205
116208
116223
116231
116232
116239
116278
116291
116296
116309
116324
116374
116378
116380
116393
116413
116425
116505
116553
116579
116600
116664
116693
116733
116743
116745
116750
116760
116762
116764
116770
116779
116782
116786
116800
116819
116827
116838
116840
116842
116850
116851
116854
116857
116858
116872
116882
116886
116896
116898
116901
116905
116906
116912
116913
116917
116922
116926
116932
116939
116941
116947
116957
116962
116979
116994
117000
117006
117014
117015
117023
117025
117031
117053
117064
117078
117079
117092
117164
117168
117175
117184
117189
117190
117222
117234
117237
117254
117258
117259
117262
117265
117275
117316
117326
117329
117330
117339
117340
117350
117355
117361
117363
117367
117377
117379
117387
117390
117394
117407
117417
117432
117435
117448
117459
117477
117478
117485
117488
117497
117500
117501
117506
117507
117526
117543
117544
117554
117591
117598
117599
117601
117612
117621
117632
117636
117658
117660
117675
117676
117678
117680
117683
117688
117691
117696
117702
117705
117706
117712
117717
117722
117723
117735
117742
117744
117745
117749
117752
117753
117756
117771
117773
117775
117803
117806
117810
117812
117816
117818
117819
117827
117833
117841
117852
117867
117869
117874
117878
117883
117886
117887
117888
117912
117914
117936
117939
117942
117943
117958
117967
117968
117971
117987
117990
117991
117997
118012
118015
118023
118028
118031
118039
118047
118050
118054
118077
118079
118082
118083
118087
118114
118119
118137
118143
118192
118219
118248
118269
118273
118296
118317
118326
118332
118472
118479
118484
118505
118507
118535
118537
118538
118541
118543
118546
118547
118553
118555
118557
118559
118572
118573
118575
118576
118581
118582
118584
118589
118594
118606
118615
118616
118630
118632
118633
118639
118681
118684
118712
118733
118744
118746
118758
118759
118767
118768
118769
118771
118775
118778
118785
118786
118787
118806
118811
118827
118829
118832
118833
118835
118843
118844
118853
118878
118905
118914
118923
118932
118943
118946
118959
118968
118972
118977
119000
119010
119017
119020
119038
119041
119056
119066
119090
119100
119102
119131
119135
119136
119142
119144
119149
119153
119169
119184
119185
119188
119208
119219
119224
119230
119242
119252
119270
119281
119286
119302
119320
119331
119332
119336
119353
119364
119365
119372
119381
119384
119390
119394
119398
119399
119402
119429
119444
119448
119460
119472
119478
119494
119495
119496
119499
119513
119518
119525
119536
119570
119575
119590
119592
119593
119594
119601
119604
119606
119607
119614
119624
119640
119649
119653
119657
119658
119680
119690
119695
119696
119699
119700
119714
119718
119722
119729
119732
119734
119741
119754
119757
119773
119776
119783
119789
119798
119800
119804
119806
119812
119830
119840
119845
119847
119856
119866
119869
119875
119880
119901
119912
119929
119939
119966
119977
119996
120000
120005
120009
120038
120051
120085
120093
120112
120121
120145
120157
120163
120173
120175
120181
120188
120194
120205
120217
120227
120267
120285
120288
120343
120382
120430
120442
120448
120458
120460
120468
120477
120481
120489
120491
120493
120499
120507
120508
120509
120516
120518
120530
120531
120532
120533
120538
120542
120544
120553
120556
120563
120573
120587
120604
120620
120625
120634
120643
120645
120656
120673
120681
120686
120699
120729
120732
120740
120752
120766
120768
120772
120773
120786
120797
120803
120807
120817
120818
120820
120824
120835
120850
120856
120858
120859
120871
120884
120893
120910
120912
120914
120924
120961
120964
120967
120971
120972
120977
120988
121000
121009
121010
121019
121020
121022
121027
121031
121065
121081
121095
121096
121099
121105
121114
121116
121118
121125
121126
121127
121132
121136
121138
121144
121160
121167
121175
121177
121178
121180
121181
121182
121190
121192
121193
121194
121218
121236
121237
121247
121249
121252
121259
121267
121270
121271
121281
121296
121322
121340
121345
121346
121350
121364
121368
121370
121373
121376
121379
121387
121392
121406
121407
121413
121425
121433
121436
121439
121442
121449
121452
121470
121474
121480
121487
121490
121518
121520
121534
121553
121584
121591
121594
121597
121598
121614
121617
121625
121628
121629
121633
121637
121658
121680
121692
121701
121713
121716
121757
121774
121776
121780
121782
121787
121789
121792
121794
121799
121800
121803
121811
121813
121824
121859
121865
121890
121893
121894
121917
121918
121926
121931
121955
121970
121982
121986
122002
122006
122008
122032
122051
122052
122065
122067
122069
122081
122085
122089
122132
122141
122162
122168
122191
122203
122249
122259
122271
122294
122337
122340
122344
122349
122350
122355
122365
122368
122373
122381
122382
122384
122396
122401
122409
122412
122428
122432
122433
122440
122444
122452
122457
122497
122499
122502
122503
122504
122508
122510
122511
122520
122549
122551
122568
122585
122590
122592
122594
122602
122604
122609
122612
122615
122622
122643
122647
122656
122658
122671
122685
122693
122702
122709
122710
122716
122718
122729
122736
122737
122747
122753
122755
122757
122759
122772
122777
122785
122789
122795
122797
122815
122816
122822
122828
122829
122831
122832
122833
122841
122843
122852
122860
122861
122864
122873
122879
122887
122893
122897
122905
122912
122916
122927
122945
122947
122971
122974
122982
122995
122996
122997
123001
123004
123016
123020
123038
123039
123040
123043
123047
123057
123074
123075
123077
123081
123093
123126
123129
123130
123134
123174
123178
123184
123186
123199
123200
123223
123229
123230
123232
123248
123255
123267
123273
123283
123287
123288
123290
123301
123315
123322
123325
123333
123334
123335
123341
123342
123353
123357
123362
123363
123377
123379
123381
123382
123387
123399
123404
123423
123429
123434
123435
123440
123442
123448
123449
123453
123459
123473
123476
123485
123494
123500
123511
123520
123521
123523
123529
123531
123535
123542
123549
123579
123580
123587
123607
123608
123615
123620
123625
123626
123630
123634
123635
123639
123641
123642
123645
123650
123651
123658
123661
123677
123679
123683
123687
123694
123707
123716
123718
123720
123765
123769
123785
123789
123792
123798
123801
123811
123814
123815
123828
123831
123840
123847
123860
123871
123872
123892
123898
123907
123908
123922
123925
123931
123933
123953
123966
123969
123972
123981
123982
123989
124001
124005
124009
124014
124021
124029
124054
124064
124088
124091
124096
124127
124146
124150
124156
124159
124169
124177
124183
124196
124198
124204
124217
124236
124242
124262
124265
124267
124330
124339
124346
124353
124362
124371
124383
124391
124396
124399
124401
124434
124492
124531
124533
124567
124579
124609
124612
124621
124623
124626
124627
124635
124640
124643
124647
124649
124656
124666
124683
124691
124699
124703
124723
124727
124728
124734
124736
124744
124746
124765
124767
124773
124774
124782
124787
124794
124796
124799
124802
124819
124829
124833
124835
124842
124843
124848
124862
124868
124886
124888
124914
124916
124918
124919
124924
124940
124968
124972
124978
124982
124989
124997
124998
125015
125019
125025
125034
125039
125040
125048
125065
125079
125085
125086
125088
125096
125103
125105
125110
125112
125124
125128
125136
125138
125172
125241
125286
125314
125370
125373
125378
125382
125389
125392
125393
125398
125413
125445
125446
125448
125455
125480
125489
125498
125507
125523
125534
125538
125558
125560
125570
125582
125583
125596
125601
125605
125609
125618
125622
125623
125625
125631
125632
125639
125643
125649
125655
125657
125661
125662
125668
125675
125693
125696
125703
125704
125715
125719
125724
125727
125730
125739
125740
125741
125742
125744
125746
125752
125753
125754
125763
125790
125792
125797
125802
125809
125812
125820
125822
125860
125877
125888
125889
125891
125894
125901
125910
125919
125929
125933
125936
125938
125944
125949
125957
125959
125962
125963
125965
125969
125994
125999
126006
126009
126019
126024
126030
126040
126051
126060
126071
126077
126094
126097
126100
126106
126112
126113
126115
126153
126158
126166
126170
126175
126182
126191
126196
126201
126202
126206
126252
126261
126266
126286
126292
126308
126315
126320
126338
126341
126371
126399
126401
126419
126425
126431
126433
126435
126456
126498
126519
126524
126525
126528
126530
126535
126539
126542
126546
126548
126560
126562
126563
126564
126569
126580
126582
126588
126603
126606
126641
126654
126672
126681
126696
126707
126713
126714
126720
126721
126726
126730
126739
126740
126743
126749
126751
126753
126764
126770
126771
126778
126785
126793
126823
126825
126828
126830
126836
126843
126847
126849
126853
126855
126856
126860
126867
126873
126874
126877
126879
126881
126882
126887
126892
126895
126896
126897
126898
126902
126903
126907
126908
126914
126918
126928
126929
126939
126941
126942
126951
126956
126958
126959
126969
126971
127000
127001
127004
127005
127011
127013
127015
127018
127020
127028
127039
127066
127070
127078
127084
127091
127093
127094
127096
127101
127114
127121
127126
127127
127130
127143
127160
127163
127164
127165
127170
127180
127184
127189
127192
127194
127196
127197
127200
127202
127209
127216
127221
127222
127226
127233
127245
127249
127258
127262
127263
127271
127276
127279
127283
127295
127300
127304
127323
127329
127341
127346
127352
127353
127361
127370
127374
127380
127384
127389
127393
127399
127403
127408
127417
127418
127424
127433
127441
127444
127482
127485
127503
127509
127517
127519
127521
127522
127524
127526
127527
127532
127536
127537
127539
127542
127556
127573
127577
127580
127583
127586
127589
127598
127614
127615
127617
127637
127645
127662
127668
127671
127672
127674
127682
127697
127700
127714
127720
127721
127739
127745
127749
127752
127757
127759
127762
127771
127773
127784
127786
127794
127802
127803
127807
127814
127827
127842
127847
127851
127854
127858
127869
127876
127877
127882
127888
127890
127903
127914
127924
127929
127933
127938
127949
127951
127952
127953
127960
127968
127975
127977
127978
127992
128002
128011
128012
128013
128020
128022
128033
128034
128040
128046
128049
128052
128057
128065
128089
128094
128095
128105
128118
128121
128125
128136
128167
128179
128189
128190
128194
128206
128214
128217
128223
128229
128236
128271
128274
128285
128286
128290
128297
128311
128313
128317
128319
128330
128334
128344
128346
128358
128360
128370
128376
128380
128387
128395
128399
128403
128405
128429
128430
128440
128444
128448
128451
128460
128466
128468
128471
128478
128490
128500
128509
128512
128519
128520
128526
128530
128538
128539
128541
128550
128557
128567
128574
128588
128589
128593
128605
128607
128608
128610
128613
128618
128620
128622
128625
128631
128632
128637
128638
128640
128651
128663
128666
128667
128671
128673
128678
128685
128687
128690
128693
128697
128701
128703
128755
128758
128762
128766
128780
128782
128817
128824
128839
128840
128858
128862
128864
128872
128879
128890
128897
128912
128914
128916
128917
128918
128923
128928
128937
128957
128958
128959
128963
128970
128985
128988
128989
129031
129039
129047
129060
129073
129076
129080
129095
129118
129122
129129
129131
129133
129134
129138
129150
129170
129195
129219
129220
129280
129297
129304
129316
129318
129351
129354
129368
129375
129382
129384
129410
129412
129424
129439
129465
129466
129472
129475
129525
129565
129567
129572
129607
129610
129633
129640
129644
129648
129656
129661
129668
129672
129732
129759
129791
129798
129802
129810
129816
129835
129862
129867
129874
129908
129948
129949
129952
129954
129959
129968
129985
129987
129991
129994
130003
130005
130006
130034
130039
130052
130080
130085
130087
130113
130119
130130
130161
130182
130184
130191
130220
130232
130240
130252
130269
130272
130273
130280
130308
130322
130355
130372
130381
130396
130415
130439
130466
130475
130484
130494
130501
130571
130580
130605
130616
130641
130669
130675
130773
130774
130777
130783
130785
130793
130795
130802
130804
130813
130824
130832
130844
130845
130856
130867
130872
130877
130884
130889
130895
130896
130915
130916
130918
130933
130935
130939
130944
130953
130964
130965
130966
130980
130986
130988
130991
131015
131022
131029
131035
131043
131044
131070
131071
131087
131097
131108
131115
131131
131141
131164
131165
131170
131171
131179
131188
131201
131203
131205
131208
131212
131216
131218
131229
131249
131265
131267
131282
131284
131293
131297
131302
131308
131315
131322
131326
131327
131353
131359
131375
131376
131386
131390
131405
131406
131412
131428
131434
131435
131436
131439
131441
131443
131444
131448
131455
131463
131476
131483
131488
131490
131494
131500
131504
131505
131509
131510
131539
131541
131542
131549
131552
131554
131559
131562
131566
131594
131612
131614
131620
131622
131624
131629
131639
131642
131645
131648
131649
131669
131672
131678
131692
131698
131714
131717
131722
131724
131725
131731
131763
131768
131769
131779
131807
131816
131839
131845
131853
131859
131866
131872
131873
131875
131881
131896
131897
131904
131905
131909
131911
131927
131937
131939
131946
131969
132066
132067
132068
132074
132077
132080
132082
132085
132094
132095
132100
132109
132110
132116
132119
132126
132127
132134
132141
132147
132157
132161
132173
132176
132179
132187
132188
132201
132219
132229
132231
132241
132254
132292
132300
132304
132305
132313
132323
132324
132330
132345
132365
132370
132388
132398
132401
132409
132413
132415
132423
132432
132438
132444
132460
132471
132472
132485
132490
132502
132507
132508
132526
132531
132534
132537
132543
132555
132561
132574
132575
132581
132591
132594
132596
132605
132606
132616
132633
132646
132656
132672
132679
132691
132704
132705
132722
132750
132753
132759
132762
132790
132803
132808
132809
132819
132829
132830
132835
132857
132862
132864
132869
132881
132882
132891
132898
132907
132922
132926
132941
132958
132965
132970
132997
133042
133066
133076
133104
133140
133158
133162
133166
133171
133189
133269
133291
133298
133299
133306
133311
133312
133318
133324
133327
133328
133331
133334
133341
133356
133365
133366
133368
133373
133378
133385
133388
133390
133393
133397
133409
133417
133426
133439
133440
133445
133446
133450
133453
133462
133463
133464
133487
133492
133498
133500
133507
133508
133511
133520
133523
133524
133525
133531
133533
133545
133546
133554
133565
133578
133580
133584
133589
133593
133595
133597
133598
133601
133607
133613
133614
133615
133618
133621
133628
133630
133631
133632
133635
133642
133643
133654
133657
133658
133661
133673
133676
133680
133681
133684
133685
133689
133693
133694
133710
133714
133718
133721
133725
133739
133741
133742
133744
133754
133756
133769
133782
133794
133802
133803
133806
133815
133816
133818
133822
133825
133827
133832
133839
133845
133848
133855
133871
133913
133919
133926
133937
133950
133956
133959
133961
133964
133973
133997
134019
134027
134029
134033
134042
134045
134085
134088
134090
134106
134214
134230
134251
134254
134265
134270
134286
134291
134296
134307
134310
134316
134323
134329
134335
134336
134346
134351
134355
134377
134378
134386
134391
134395
134398
134405
134410
134411
134416
134420
134429
134440
134453
134456
134457
134473
134479
134492
134513
134514
134515
134518
134526
134531
134536
134551
134560
134561
134562
134566
134567
134571
134574
134579
134580
134601
134613
134624
134625
134626
134628
134629
134631
134633
134634
134639
134649
134650
134660
134665
134667
134677
134680
134681
134686
134690
134691
134698
134713
134714
134717
134720
134729
134733
134735
134740
134741
134746
134753
134755
134756
134758
134759
134760
134776
134783
134785
134789
134792
134794
134799
134801
134818
134850
134864
134882
134897
134910
134914
134916
134929
134934
134944
134948
134952
134960
134965
134969
134975
134976
134978
134991
134992
135001
135022
135025
135039
135043
135046
135053
135088
135101
135123
135131
135152
135159
135170
135196
135226
135255
135285
135296
135297
135303
135370
135372
135383
135385
135390
135392
135400
135401
135407
135409
135411
135412
135419
135420
135433
135453
135456
135457
135468
135479
135482
135500
135511
135524
135534
135537
135539
135546
135547
135550
135553
135570
135571
135576
135591
135600
135605
135615
135633
135634
135636
135638
135645
135657
135661
135664
135666
135668
135669
135685
135689
135707
135711
135719
135724
135726
135732
135736
135753
135783
135788
135789
135791
135815
135820
135825
135826
135828
135836
135876
135877
135913
135918
135930
135939
135941
135952
135978
135979
135982
135985
136001
136021
136037
136038
136041
136047
136060
136066
136106
136109
136114
136132
136152
136164
136172
136174
136180
136186
136203
136205
136207
136210
136233
136235
136238
136249
136250
136258
136267
136269
136270
136275
136290
136292
136313
136319
136324
136325
136326
136340
136341
136347
136365
136370
136387
136428
136430
136454
136460
136473
136483
136495
136512
136520
136524
136549
136551
136566
136581
136584
136588
136592
136600
136603
136608
136620
136628
136636
136668
136670
136710
136711
136725
136754
136778
136786
136793
136801
136804
136807
136811
136838
136845
136851
136878
136960
136966
136970
136996
137006
137021
137022
137024
137028
137051
137053
137057
137083
137084
137087
137099
137108
137109
137111
137119
137147
137153
137155
137157
137169
137179
137191
137193
137207
137223
137249
137272
137273
137275
137278
137285
137288
137291
137295
137302
137304
137337
137357
137362
137367
137376
137379
137381
137382
137386
137387
137389
137420
137421
137425
137440
137456
137457
137459
137460
137488
137510
137512
137521
137524
137527
137536
137539
137542
137545
137551
137555
137582
137589
137629
137655
137755
137766
137772
137796
137797
137800
137801
137814
137826
137835
137837
137847
137851
137861
137864
137865
137870
137896
137918
137922
137924
137947
137955
137963
137979
137981
137988
138021
138037
138039
138041
138049
138053
138069
138077
138099
138104
138166
138176
138211
138219
138221
138227
138239
138247
138278
138288
138293
138298
138299
138319
138321
138325
138339
138340
138341
138374
138376
138404
138417
138422
138443
138451
138457
138476
138499
138562
138565
138578
138580
138592
138598
138601
138606
138611
138626
138636
138646
138650
138671
138678
138680
138681
138682
138686
138688
138689
138690
138692
138698
138707
138709
138721
138723
138740
138743
138745
138750
138752
138873
138894
138895
138898
138905
138909
138910
138911
138917
138919
138939
138941
138963
138971
138972
138974
138992
138993
139012
139014
139017
139024
139027
139028
139043
139050
139053
139054
139057
139073
139076
139077
139079
139087
139092
139096
139101
139106
139109
139123
139125
139127
139140
139144
139146
139147
139149
139151
139155
139163
139168
139173
139178
139195
139221
139226
139245
139254
139258
139271
139282
139285
139290
139301
139312
139315
139322
139329
139333
139341
139346
139362
139371
139374
139384
139386
139387
139390
139393
139394
139396
139401
139404
139405
139416
139417
139420
139423
139430
139433
139446
139456
139459
139471
139477
139494
139495
139515
139517
139527
139534
139540
139546
139553
139556
139558
139559
139572
139580
139583
139594
139611
139612
139614
139622
139623
139625
139629
139632
139639
139654
139660
139667
139670
139701
139719
139723
139734
139735
139748
139772
139780
139784
139790
139791
139793
139798
139803
139806
139808
139817
139819
139824
139838
139840
139851
139852
139855
139867
139872
139879
139883
139884
139894
139898
139900
139911
139913
139920
139931
139940
139941
139949
139964
139965
139966
139968
139975
139978
139983
139989
140017
140034
140036
140039
140044
140045
140049
140069
140070
140087
140097
140099
140115
140134
140150
140157
140184
140210
140216
140230
140248
140251
140253
140266
140271
140277
140289
140294
140332
140336
140337
140346
140363
140376
140412
140417
140420
140424
140431
140442
140548
140573
140574
140575
140590
140600
140605
140609
140613
140619
140622
140628
140637
140653
140666
140668
140671
140674
140677
140691
140692
140721
140740
140743
140745
140749
140752
140753
140755
140760
140778
140781
140784
140788
140821
140832
140835
140839
140848
140852
140861
140872
140876
140901
140910
140947
140948
140957
140964
140969
140971
140974
140979
140986
140989
140995
141003
141012
141020
141023
141026
141028
141036
141039
141045
141060
141087
141088
141097
141105
141112
141124
141132
141150
141151
141156
141167
141169
141171
141179
141186
141197
141206
141209
141214
141216
141224
141245
141250
141253
141268
141269
141272
141273
141275
141278
141281
141282
141283
141288
141298
141310
141316
141318
141323
141325
141327
141337
141339
141348
141355
141356
141361
141362
141371
141384
141393
141400
141402
141424
141430
141432
141434
141437
141444
141445
141453
141456
141457
141470
141471
141474
141502
141506
141507
141510
141513
141514
141517
141520
141527
141529
141532
141536
141537
141538
141549
141560
141562
141584
141585
141594
141602
141613
141614
141623
141632
141639
141640
141643
141647
141651
141673
141678
141692
141702
141712
141715
141727
141737
141753
141769
141771
141778
141779
141807
141816
141834
141850
141852
141980
142091
142149
142248
142298
142334
142336
142361
142408
142413
142459
142464
142470
142476
142484
142514
142594
142623
142639
142697
142701
142730
142754
142831
142884
142995
143229
143819
143822
143823
143828
143832
143859
143862
143867
143871
143872
143873
143878
143879
143886
143900
143901
143904
143906
143920
143941
143950
143951
143954
143955
143960
143964
143965
143979
143991
144001
144003
144010
144014
144015
144043
144046
144051
144068
144073
144074
144088
144101
144110
144116
144172
144185
144186
144192
144197
144207
144211
144221
144233
144235
144236
144237
144238
144243
144248
144252
144254
144260
144262
144265
144266
144281
144283
144321
144324
144333
144337
144344
144346
144347
144364
144375
144377
144378
144388
144395
144408
144429
144438
144445
144447
144451
144453
144491
144501
144510
144512
144519
144528
144533
144534
144539
144542
144551
144552
144557
144558
144565
144567
144570
144572
144578
144586
144607
144608
144618
144628
144629
144632
144660
144668
144676
144692
144699
144715
144732
144734
144741
144750
144752
144758
144761
144764
144782
144787
144792
144803
144825
144844
144852
144856
144865
144867
144874
144880
144883
144885
144887
144892
144905
144910
144912
144915
144917
144923
144928
144931
144932
144936
144938
144942
144945
144959
144963
144967
144985
145000
145003
145012
145017
145043
145050
145057
145063
145068
145072
145087
145100
145102
145108
145110
145111
145137
145151
145153
145154
145155
145157
145165
145168
145195
145201
145202
145206
145207
145208
145211
145213
145229
145240
145251
145265
145274
145298
145302
145320
145341
145346
145348
145354
145358
145360
145362
145366
145368
145370
145381
145386
145388
145389
145398
145402
145423
145425
145461
145473
145477
145489
145494
145521
145523
145531
145542
145545
145550
145560
145561
145577
145586
145598
145616
145617
145632
145644
145660
145670
145677
145684
145686
145694
145698
145715
145719
145720
145726
145736
145738
145760
145766
145774
145791
145797
145810
145842
145942
145961
145963
145966
145974
145976
145977
145979
145990
145996
146007
146009
146013
146014
146021
146032
146035
146044
146057
146070
146074
146076
146081
146088
146091
146093
146097
146103
146127
146131
146144
146146
146151
146152
146160
146162
146164
146172
146173
146174
146175
146182
146185
146190
146194
146197
146198
146211
146215
146227
146231
146234
146248
146252
146257
146263
146266
146268
146276
146279
146296
146302
146307
146316
146322
146323
146326
146327
146331
146332
146333
146337
146340
146347
146350
146353
146354
146356
146360
146363
146371
146374
146375
146379
146387
146388
146389
146390
146393
146397
146399
146401
146402
146416
146419
146423
146424
146426
146451
146484
146494
146497
146504
146509
146541
146575
146578
146580
146585
146589
146608
146615
146616
146621
146632
146646
146647
146650
146653
146659
146672
146681
146684
146705
146706
146707
146717
146724
146728
146736
146738
146745
146751
146753
146754
146758
146761
146770
146771
146778
146851
146852
146855
146861
146870
146880
146884
146885
146896
146909
146912
146925
146932
146933
146938
146939
146952
146954
146967
146969
146973
146998
146999
147001
147002
147025
147031
147044
147045
147050
147051
147057
147060
147061
147074
147080
147082
147089
147091
147098
147101
147107
147141
147152
147153
147161
147165
147168
147175
147177
147181
147188
147200
147201
147215
147217
147230
147241
147246
147248
147272
147277
147280
147281
147294
147314
147316
147319
147320
147323
147332
147336
147340
147342
147348
147352
147360
147365
147366
147368
147370
147400
147402
147425
147428
147433
147442
147459
147476
147520
147534
147537
147579
147582
147584
147589
147594
147602
147608
147609
147610
147614
147625
147640
147651
147664
147665
147684
147688
147689
147693
147707
147711
147712
147715
147736
147746
147752
147754
147760
147769
147786
147791
147810
147817
147818
147821
147823
147826
147844
147848
147861
147875
147893
147902
147909
147914
147915
147923
147926
147933
147938
147945
147958
147967
147982
148003
148005
148007
148010
148023
148033
148045
148057
148064
148073
148081
148086
148099
148100
148107
148109
148119
148126
148129
148133
148138
148140
148149
148151
148154
148160
148171
148172
148177
148181
148190
148201
148202
148215
148216
148219
148222
148243
148246
148248
148249
148258
148262
148272
148280
148287
148294
148297
148299
148306
148318
148328
148329
148331
148339
148380
148385
148395
148410
148411
148418
148421
148428
148431
148440
148464
148469
148471
148473
148475
148482
148483
148490
148492
148519
148537
148543
148555
148565
148584
148587
148596
148597
148599
148628
148633
148634
148646
148660
148664
148667
148672
148676
148677
148692
148718
148721
148724
148737
148738
148741
148750
148767
148770
148775
148776
148797
148832
148858